RCS SIMULATOR RESULTS 20260619233452

Simulation Parameters:
    Mode: Monostatic
    Radar Frequency (GHz): 1.0000
    Wavelength (m): 0.300000
    Correlation distance (m): 0.000000
    Standard Deviation (m): 0.000000
    Incident wave polarization: TM-z
    Number of triangles: 12170
    Start phi angle (degrees): 90
    Stop phi angle (degrees): 90
    Phi increment step (degrees): 0
    Start theta angle (degrees): 0
    Stop theta angle (degrees): 180
    Theta increment step (degrees): 2.500000e-01

Simulation Results IR Signature:
Theta (deg):
[0 0.25 0.5 0.75 1 1.25 1.5 1.75 2 2.25 2.5 2.75 3 3.25 3.5 3.75 4 4.25 4.5 4.75 5 5.25 5.5 5.75 6 6.25 6.5 6.75 7 7.25 7.5 7.75 8 8.25 8.5 8.75 9 9.25 9.5 9.75 10 10.25 10.5 10.75 11 11.25 11.5 11.75 12 12.25 12.5 12.75 13 13.25 13.5 13.75 14 14.25 14.5 14.75 15 15.25 15.5 15.75 16 16.25 16.5 16.75 17 17.25 17.5 17.75 18 18.25 18.5 18.75 19 19.25 19.5 19.75 20 20.25 20.5 20.75 21 21.25 21.5 21.75 22 22.25 22.5 22.75 23 23.25 23.5 23.75 24 24.25 24.5 24.75 25 25.25 25.5 25.75 26 26.25 26.5 26.75 27 27.25 27.5 27.75 28 28.25 28.5 28.75 29 29.25 29.5 29.75 30 30.25 30.5 30.75 31 31.25 31.5 31.75 32 32.25 32.5 32.75 33 33.25 33.5 33.75 34 34.25 34.5 34.75 35 35.25 35.5 35.75 36 36.25 36.5 36.75 37 37.25 37.5 37.75 38 38.25 38.5 38.75 39 39.25 39.5 39.75 40 40.25 40.5 40.75 41 41.25 41.5 41.75 42 42.25 42.5 42.75 43 43.25 43.5 43.75 44 44.25 44.5 44.75 45 45.25 45.5 45.75 46 46.25 46.5 46.75 47 47.25 47.5 47.75 48 48.25 48.5 48.75 49 49.25 49.5 49.75 50 50.25 50.5 50.75 51 51.25 51.5 51.75 52 52.25 52.5 52.75 53 53.25 53.5 53.75 54 54.25 54.5 54.75 55 55.25 55.5 55.75 56 56.25 56.5 56.75 57 57.25 57.5 57.75 58 58.25 58.5 58.75 59 59.25 59.5 59.75 60 60.25 60.5 60.75 61 61.25 61.5 61.75 62 62.25 62.5 62.75 63 63.25 63.5 63.75 64 64.25 64.5 64.75 65 65.25 65.5 65.75 66 66.25 66.5 66.75 67 67.25 67.5 67.75 68 68.25 68.5 68.75 69 69.25 69.5 69.75 70 70.25 70.5 70.75 71 71.25 71.5 71.75 72 72.25 72.5 72.75 73 73.25 73.5 73.75 74 74.25 74.5 74.75 75 75.25 75.5 75.75 76 76.25 76.5 76.75 77 77.25 77.5 77.75 78 78.25 78.5 78.75 79 79.25 79.5 79.75 80 80.25 80.5 80.75 81 81.25 81.5 81.75 82 82.25 82.5 82.75 83 83.25 83.5 83.75 84 84.25 84.5 84.75 85 85.25 85.5 85.75 86 86.25 86.5 86.75 87 87.25 87.5 87.75 88 88.25 88.5 88.75 89 89.25 89.5 89.75 90 90.25 90.5 90.75 91 91.25 91.5 91.75 92 92.25 92.5 92.75 93 93.25 93.5 93.75 94 94.25 94.5 94.75 95 95.25 95.5 95.75 96 96.25 96.5 96.75 97 97.25 97.5 97.75 98 98.25 98.5 98.75 99 99.25 99.5 99.75 100 100.25 100.5 100.75 101 101.25 101.5 101.75 102 102.25 102.5 102.75 103 103.25 103.5 103.75 104 104.25 104.5 104.75 105 105.25 105.5 105.75 106 106.25 106.5 106.75 107 107.25 107.5 107.75 108 108.25 108.5 108.75 109 109.25 109.5 109.75 110 110.25 110.5 110.75 111 111.25 111.5 111.75 112 112.25 112.5 112.75 113 113.25 113.5 113.75 114 114.25 114.5 114.75 115 115.25 115.5 115.75 116 116.25 116.5 116.75 117 117.25 117.5 117.75 118 118.25 118.5 118.75 119 119.25 119.5 119.75 120 120.25 120.5 120.75 121 121.25 121.5 121.75 122 122.25 122.5 122.75 123 123.25 123.5 123.75 124 124.25 124.5 124.75 125 125.25 125.5 125.75 126 126.25 126.5 126.75 127 127.25 127.5 127.75 128 128.25 128.5 128.75 129 129.25 129.5 129.75 130 130.25 130.5 130.75 131 131.25 131.5 131.75 132 132.25 132.5 132.75 133 133.25 133.5 133.75 134 134.25 134.5 134.75 135 135.25 135.5 135.75 136 136.25 136.5 136.75 137 137.25 137.5 137.75 138 138.25 138.5 138.75 139 139.25 139.5 139.75 140 140.25 140.5 140.75 141 141.25 141.5 141.75 142 142.25 142.5 142.75 143 143.25 143.5 143.75 144 144.25 144.5 144.75 145 145.25 145.5 145.75 146 146.25 146.5 146.75 147 147.25 147.5 147.75 148 148.25 148.5 148.75 149 149.25 149.5 149.75 150 150.25 150.5 150.75 151 151.25 151.5 151.75 152 152.25 152.5 152.75 153 153.25 153.5 153.75 154 154.25 154.5 154.75 155 155.25 155.5 155.75 156 156.25 156.5 156.75 157 157.25 157.5 157.75 158 158.25 158.5 158.75 159 159.25 159.5 159.75 160 160.25 160.5 160.75 161 161.25 161.5 161.75 162 162.25 162.5 162.75 163 163.25 163.5 163.75 164 164.25 164.5 164.75 165 165.25 165.5 165.75 166 166.25 166.5 166.75 167 167.25 167.5 167.75 168 168.25 168.5 168.75 169 169.25 169.5 169.75 170 170.25 170.5 170.75 171 171.25 171.5 171.75 172 172.25 172.5 172.75 173 173.25 173.5 173.75 174 174.25 174.5 174.75 175 175.25 175.5 175.75 176 176.25 176.5 176.75 177 177.25 177.5 177.75 178 178.25 178.5 178.75 179 179.25 179.5 179.75 180]

RCS Theta (dBsm):
[-11.2164998356047 -11.2268692418369 -11.2741895050365 -11.3284514729125 -11.3743132602716 -11.375542128484 -11.2681627619186 -11.0067615895493 -10.5684039297442 -9.96659852404935 -9.23726626156643 -8.43563473042886 -7.68687049857389 -6.90216293524581 -6.13158677402254 -5.44855969245946 -4.80374734246285 -4.18737745559814 -3.68850326973937 -3.13684008396823 -2.67351336305773 -2.5598372168589 -2.51977786539816 -2.48325785711048 -2.36024324268525 -2.40690561461371 -2.63668135916542 -2.67267535258556 -2.85876648570509 -3.06013587018126 -3.49548611649424 -3.85937456677344 -4.26117190065785 -4.4737333848645 -5.09111908056705 -5.29304007306244 -5.63313998191195 -5.99930323441871 -5.76444710646004 -5.61322709173024 -5.34164416107346 -5.10655738369864 -4.64459859691712 -4.28647762019739 -3.88354486263521 -3.49666810601478 -3.25722175250664 -3.20589103344853 -3.1416265896433 -3.2592630699439 -3.49419432678738 -3.77526344675541 -4.08582823824645 -4.38877219161098 -4.89237378992952 -5.42531119737986 -6.05396250944829 -6.4978500828014 -6.7686792194192 -7.08639534614582 -6.9482463237127 -6.71153423379022 -6.43126023754264 -6.1450430007882 -5.77358112628759 -5.45285657750713 -5.24831341085414 -5.1834356775821 -5.17402206417198 -5.32878251509464 -5.65778009044908 -6.2641549781411 -7.09439997753139 -7.82902861025165 -8.83426121027365 -9.74270396190048 -10.3297771390654 -10.2421689095647 -9.41140110215099 -8.08530459891171 -6.80121902482897 -5.60716504986097 -4.696066612173 -3.9312013602146 -3.38394983661382 -3.07831115200416 -2.96908105798181 -3.08393648885331 -3.36496132435578 -3.85869590606131 -4.64234673127551 -5.49098902115342 -6.38114330888379 -7.32300020762494 -8.01525062438725 -8.10577038847773 -7.4990450043797 -6.62717773593199 -5.63253541870942 -4.85629601326357 -4.26327447567687 -3.79716725244421 -3.58224043258275 -3.63434136680267 -3.91825265210326 -4.45924126757337 -5.06277076781555 -5.84418063400751 -6.54613783459845 -7.03973816526968 -7.17764792406212 -6.82343082905432 -6.12485049704885 -5.44705918818264 -4.92649684226715 -4.55608399502718 -4.52716996038313 -4.75929200159755 -5.17724925552622 -6.05259920609963 -7.06306724520257 -8.36112471382536 -9.25532400590715 -8.94568597621928 -7.48814405193584 -5.99004193414021 -4.55971532324062 -3.44715240918996 -2.59606327300635 -2.16292060797297 -2.04079821100428 -2.22347154613686 -2.73682008854139 -3.55175755340438 -4.64570000389604 -5.86537807369224 -6.68713211537197 -6.7002461808989 -5.83457436841908 -4.56387354344762 -3.38455642910401 -2.47776822965983 -1.93027534459924 -1.65701231099403 -1.74333897464403 -2.16882678409363 -2.96097415173275 -3.98742910144691 -5.21442423848793 -6.25167093454406 -6.65091850305765 -6.17264955058152 -5.22164251205613 -4.31257738127395 -3.70535150599108 -3.46192198994406 -3.66127786617311 -4.29166951055974 -5.48442281748994 -7.19026595012247 -8.84375669998042 -9.27364869839292 -8.08697934957139 -6.08614603937599 -4.47126140022825 -3.3593487968436 -2.73478412394273 -2.67945582879121 -3.14252534397676 -4.22090622058808 -6.05108530429734 -8.67004356170358 -11.3310851745702 -10.8223281001581 -7.71336580951986 -5.0210319639698 -3.18289408070866 -2.01930061814677 -1.44736018233152 -1.40681907327147 -1.87747605204225 -2.86043668572635 -4.33327502548469 -6.08662594257807 -7.3405072365427 -7.05646325617491 -5.60144242839235 -4.11513345643862 -3.07654241221198 -2.58308327998365 -2.65032763693131 -3.2967263283933 -4.54953192936529 -6.37072316582753 -8.29130739049427 -8.76905903759255 -7.2949390437228 -5.43166618361963 -3.99119122744248 -3.25072826511225 -3.15186877737354 -3.81319938053313 -5.39333044179569 -8.22412036481672 -14.1344719682873 -28.1267729339285 -12.8361731075436 -7.48499702484793 -4.71248501840993 -3.26487720294418 -2.65848379421443 -2.91962829392925 -4.04871227754328 -6.40488305438074 -10.8317829959241 -23.5410907582562 -16.1839785005642 -8.43677706034553 -5.10142325857792 -3.33702418005648 -2.58445929522361 -2.63961607049314 -3.4837021822353 -5.25948586985459 -7.5074484129959 -8.78314902899721 -7.15762279598713 -4.66560647139818 -2.78059111012042 -1.6888175535652 -1.37400740796199 -1.85038448989809 -3.27373535908407 -6.04020311862746 -11.8196149389077 -28.4872400865226 -10.6324199951155 -5.21630457950023 -2.41921979732668 -0.877923116195228 -0.213393619722865 -0.256894081242151 -0.924129946593023 -2.12270417514198 -3.5236743309935 -4.38060475307499 -4.1304909647106 -3.25945368558574 -2.54542637399323 -2.45964762798834 -3.29135698872435 -5.27305306613705 -8.83154565479424 -11.9298480136699 -7.91931843873716 -3.61318840296497 -1.07965920157026 0.265002631478695 0.631372777389826 0.0337935470770411 -1.52822838518208 -3.61715996923869 -3.61118980148842 -0.369512172969635 2.84495302957341 5.12975064967152 6.59290509365804 7.27427237768131 7.19546590574419 6.23061262220783 3.97588406212772 -0.833898014696107 -17.3419073429614 -0.816489604986114 5.57135684819979 9.08468121526776 11.2636122354122 12.5863192563316 13.2242381311971 13.2336528171088 12.5644321608997 11.0828794828874 8.42082107691535 3.80801110731342 -0.242038829017909 5.50003154021038 10.021691235846 12.7924922001011 14.514759792669 15.4816430569799 15.8321560867771 15.5939731300237 14.7451875479237 13.1797624429304 10.6963628069123 7.1083750428935 4.44274242138266 7.13391030459606 10.5923848451766 12.9429420314434 14.3969882672689 15.1468802797588 15.3073706191001 14.9140878763309 13.9497623443419 12.3293037709011 9.88456707680855 6.35247609187286 2.30544934898458 2.77931677428197 6.20218052961867 8.65373737469239 10.1016980455858 10.786577968243 10.8489440182122 10.3738159259336 9.36877194874688 7.81860044494992 5.60220492021849 2.60331440270392 -1.66303875528073 -8.35683931086871 -17.4463705032404 -10.7669567805705 -7.27946749191087 -6.20726965993185 -6.21754087569167 -6.44970054667319 -5.88671761923756 -4.04310523570385 -1.65056901039043 0.626678158620957 2.58777753133114 4.2670933486155 5.57142958134337 6.4952811633353 7.05162863791211 7.24059186863928 7.01607011611678 6.36371862886513 5.15581531486277 2.93674155594949 -0.67604337652105 -5.16600113462988 -2.27940317838307 2.7675222618932 6.24628547573025 8.66522021644532 10.4284706236195 11.7476275032487 12.7628245074787 13.5389371357639 14.1370160575184 14.6122289481719 14.9958422393715 15.3175324302175 15.5862110187628 15.8050126608789 15.9685948930199 16.0662548053785 16.0856108189213 16.0174776032263 15.8423598429185 15.5625764848368 15.1608831831583 14.6488098312328 13.9770992653493 13.1478621482188 12.1851724703661 11.0381769430481 9.64288893398716 7.97778117627445 6.01849370362142 3.68757304840795 0.917936873421131 -2.6460317442298 -6.53476389912055 -9.42863617376053 -8.29425609965747 -6.17092764170899 -4.00646106031736 -2.15722564253103 -0.633114934183025 0.58830301771393 1.41374734382894 1.90494372195831 2.05184960198197 1.87260569156802 1.30716422058846 0.357554497621932 -1.18495169063259 -3.37527082219094 -6.67758718806838 -11.2451986197502 -13.6098985865174 -9.94293032878491 -6.76034468967056 -4.83311370578031 -4.0348251520104 -3.47628334198464 -3.64975847213607 -4.34863214887151 -5.93001170327044 -7.76311549840707 -9.91675828216529 -12.2947330208842 -15.0498831740416 -17.6658081649718 -21.7373074553359 -27.0060478846987 -32.3281809383399 -32.423021959307 -28.2164519060207 -25.1027733054079 -24.8272016724208 -24.3502146029811 -26.5093832695186 -29.4659567202523 -25.6930253185268 -19.4871306440969 -15.2796485060559 -12.5842726661709 -10.7238330144166 -9.28466529839725 -8.31800197829509 -7.86694142451283 -7.94763096049361 -8.57389785890133 -9.80645546587256 -12.0135587818439 -16.0778777011122 -24.8879035116629 -22.3657220903475 -14.5053524994573 -10.638963118268 -8.41737515950891 -6.97852869975363 -6.12157337498153 -5.85844200121733 -6.14021076730618 -6.94210424101206 -8.43047021139518 -10.9580020148535 -15.1428131006207 -24.3461754079718 -26.8111878027162 -16.8086104325175 -12.711351199572 -10.6963608201423 -9.56349528785973 -9.29096802777003 -9.90464514999324 -10.8612664980418 -12.7104758238748 -15.3035273950471 -18.4028003276699 -20.1609884693848 -18.3078671512549 -15.5907215106656 -14.2836772127449 -13.5672546201156 -13.7114867959518 -14.6109113620359 -16.1511057174847 -18.3129870410207 -22.586735500887 -29.7806036181007 -32.4818593201964 -25.8160581222842 -22.2545999318521 -20.1111929250198 -19.2024967560179 -18.6927068797718 -17.8455949988771 -17.2313795037359 -16.2430708215269 -15.6073730447522 -14.9276412443072 -14.6383776544105 -14.1284677966295 -13.4685189514487 -12.839839828077 -12.1355026415962 -11.6899325654854 -11.2733786613969 -11.3696812056634 -11.0570222551239 -11.0170419636718 -11.0881049236173 -11.2847923789679 -11.4762163294338 -11.4493812062448 -11.2394396636174 -10.9914652695813 -10.7963233870795 -11.0116106606872 -11.4707170198129 -12.3957095921489 -13.4293027867868 -14.9830005118452 -16.1444573119342 -16.8372237969485 -16.1401221133852 -14.9541928471163 -14.4650176824218 -13.6948052562964 -13.2687445611763 -13.3098941947618 -13.8856036251685 -14.6632155311493 -15.8488879014377 -17.3500209154482 -18.573784583962 -19.2908905050743 -19.2415065011415 -18.9438119096648 -18.2221015005786 -17.3247670070997 -16.3725827686337 -15.4193852924097 -14.0792973649062 -12.639755590122 -11.4887197642808 -10.52731492446 -9.7372020745703 -9.15942939406226 -8.74543063892006 -8.30066602075273 -7.82738334059772 -7.5073404088304 -7.03625770635605 -6.42258194409149 -5.81437099799393 -5.24627014247984 -4.81520229123753 -4.51000187699097 -4.39526703326527 -4.41739998225768 -4.57517747082511 -4.9580878951416 -5.33761429586843 -5.81369650529274 -6.46182826138294 -6.96033898901829 -7.48714980659152 -7.99786722630016 -8.73478323337014 -9.53046637464184 -10.4563127025802 -11.7830462827746 -13.448404966946 -15.6589658119434 -17.427125828805 -20.4763177908131 -25.568478449349 -36.0900530513256 -27.5301506202 -19.8732075546366 -16.0562810352963 -13.6075402099184 -11.6623921090385 -10.5887476578767 -9.6728654016081 -8.85521163509239 -8.29725694260484 -7.62988809880771 -7.00566768506079 -6.48859447987722 -6.22240929617637 -6.39580771097498 -6.65924437330713 -7.0780349315805 -7.34269423854463 -7.44357856156848 -7.34626136241586 -7.4076482828078 -7.45623082410674 -7.61422427908775 -7.86459844169081 -8.22324054606638 -8.38298860067605 -8.28267624926805 -8.22868938163585 -8.21129952562322 -8.24141782658792 -8.14878263758415 -7.7020889136618 -7.61989534440745 -7.85107266448383 -7.89047580138547 -7.72963397365132 -7.87616159939109 -8.21792328614646 -8.91549192825826 -9.10944131630772 -9.54396773297609 -10.2158088517423 -10.9223319419805 -11.9435520095425 -13.2830466699787 -14.5836931059506 -17.2608673769138 -20.8045607592323 -30.9741197619501 -26.6154976032343 -18.3032050152753 -14.0381942710416 -11.0590896591649 -8.90187776568679 -7.21271405215629 -5.89020327569556 -4.95042095913213 -4.23604680293804 -3.71730582986309 -3.39831712631972 -3.21822004221021 -3.27782710540194 -3.47597000680198 -3.89173479911381 -4.44910712638794 -5.26012281893083 -6.29212599658275 -7.60952520975945 -9.21237172570401 -10.8156558212368 -12.2374463890538 -12.574983989887 -11.4218331035157 -9.48088280372218 -7.57590793109869 -5.83333874950596 -4.38252234886135 -3.07892193159233 -2.08902657567118 -1.24795338367418 -0.685056282313812 -0.247522361429685 0.0286216386098694 0.137675120627595 0.0835135802137969 -0.1368423035109 -0.606366816409267 -1.31259020595234 -2.23101077389669 -3.47110651205696 -5.10571035879893 -6.84116068961156 -8.00051669038956 -7.1992248586681 -5.0350865776964 -2.63096892944397 -0.572114357419527 1.20909928675543 2.76048273800847 4.04430038999645 5.11969948764951 6.03453858826426 6.79879508973636 7.41011923169496 7.93183844383222 8.31731028147038 8.58366825160684 8.74276335923215 8.78451768237948 8.70086763367447 8.48056258031285 8.12100998710743 7.56999589046856 6.80914764859156 5.83044072963112 4.46143788968251 2.76140501446682 0.359366794443996 -2.59500383060123 -4.83977601730859 -2.79483120608364 0.737425287626766 3.76349611244231 6.16329590717111 8.08095526751081 9.65743101075023 10.9732633938398 12.0924793225961 13.0388893184984 13.8376687421767 14.5166164147136 15.0761904055675 15.5389783266246 15.9028556259455 16.1842010261916 16.3844227327644 16.5030176284718 16.5452166312686 16.5215167775681 16.434093850392 16.2892099419875 16.1026435725853 15.8825078476647 15.6547654207206 15.4508948904999 15.3029438493957 15.2473024715581 15.3173916871877 15.5290934141962 15.8787160214803 16.3432275928405 16.8890174618039 17.4792686907185 18.0856797654293 18.6803851695384 19.2467898621429 19.7737207151316 20.2518593824275 20.6779563596243 21.0486790522587 21.3627945479925 21.6196458084252 21.8195734681412 21.962152906995 22.0555661356574 22.0748918424064]

Phi (deg):
[90 90 90 90 90 90 90 90 90 90 90 90 90 90 90 90 90 90 90 90 90 90 90 90 90 90 90 90 90 90 90 90 90 90 90 90 90 90 90 90 90 90 90 90 90 90 90 90 90 90 90 90 90 90 90 90 90 90 90 90 90 90 90 90 90 90 90 90 90 90 90 90 90 90 90 90 90 90 90 90 90 90 90 90 90 90 90 90 90 90 90 90 90 90 90 90 90 90 90 90 90 90 90 90 90 90 90 90 90 90 90 90 90 90 90 90 90 90 90 90 90 90 90 90 90 90 90 90 90 90 90 90 90 90 90 90 90 90 90 90 90 90 90 90 90 90 90 90 90 90 90 90 90 90 90 90 90 90 90 90 90 90 90 90 90 90 90 90 90 90 90 90 90 90 90 90 90 90 90 90 90 90 90 90 90 90 90 90 90 90 90 90 90 90 90 90 90 90 90 90 90 90 90 90 90 90 90 90 90 90 90 90 90 90 90 90 90 90 90 90 90 90 90 90 90 90 90 90 90 90 90 90 90 90 90 90 90 90 90 90 90 90 90 90 90 90 90 90 90 90 90 90 90 90 90 90 90 90 90 90 90 90 90 90 90 90 90 90 90 90 90 90 90 90 90 90 90 90 90 90 90 90 90 90 90 90 90 90 90 90 90 90 90 90 90 90 90 90 90 90 90 90 90 90 90 90 90 90 90 90 90 90 90 90 90 90 90 90 90 90 90 90 90 90 90 90 90 90 90 90 90 90 90 90 90 90 90 90 90 90 90 90 90 90 90 90 90 90 90 90 90 90 90 90 90 90 90 90 90 90 90 90 90 90 90 90 90 90 90 90 90 90 90 90 90 90 90 90 90 90 90 90 90 90 90 90 90 90 90 90 90 90 90 90 90 90 90 90 90 90 90 90 90 90 90 90 90 90 90 90 90 90 90 90 90 90 90 90 90 90 90 90 90 90 90 90 90 90 90 90 90 90 90 90 90 90 90 90 90 90 90 90 90 90 90 90 90 90 90 90 90 90 90 90 90 90 90 90 90 90 90 90 90 90 90 90 90 90 90 90 90 90 90 90 90 90 90 90 90 90 90 90 90 90 90 90 90 90 90 90 90 90 90 90 90 90 90 90 90 90 90 90 90 90 90 90 90 90 90 90 90 90 90 90 90 90 90 90 90 90 90 90 90 90 90 90 90 90 90 90 90 90 90 90 90 90 90 90 90 90 90 90 90 90 90 90 90 90 90 90 90 90 90 90 90 90 90 90 90 90 90 90 90 90 90 90 90 90 90 90 90 90 90 90 90 90 90 90 90 90 90 90 90 90 90 90 90 90 90 90 90 90 90 90 90 90 90 90 90 90 90 90 90 90 90 90 90 90 90 90 90 90 90 90 90 90 90 90 90 90 90 90 90 90 90 90 90 90 90 90 90 90 90 90 90 90 90 90 90 90 90 90 90 90 90 90 90 90 90 90 90 90 90 90 90 90 90 90 90 90 90 90 90 90 90 90 90 90 90 90 90 90 90 90 90 90 90 90 90 90 90 90 90 90 90 90 90 90 90 90 90 90 90 90 90 90 90 90 90 90 90 90 90 90 90 90 90 90 90 90 90 90 90 90 90 90 90 90 90 90 90]

RCS Phi (dBsm):
[-100 -100 -100 -100 -100 -100 -100 -100 -100 -100 -100 -100 -100 -100 -100 -100 -100 -100 -100 -100 -100 -100 -100 -100 -100 -100 -100 -100 -100 -100 -100 -100 -100 -100 -100 -100 -100 -100 -100 -100 -100 -100 -100 -100 -100 -100 -100 -100 -100 -100 -100 -100 -100 -100 -100 -100 -100 -100 -100 -100 -100 -100 -100 -100 -100 -100 -100 -100 -100 -100 -100 -100 -100 -100 -100 -100 -100 -100 -100 -100 -100 -100 -100 -100 -100 -100 -100 -100 -100 -100 -100 -100 -100 -100 -100 -100 -100 -100 -100 -100 -100 -100 -100 -100 -100 -100 -100 -100 -100 -100 -100 -100 -100 -100 -100 -100 -100 -100 -100 -100 -100 -100 -100 -100 -100 -100 -100 -100 -100 -100 -100 -100 -100 -100 -100 -100 -100 -100 -100 -100 -100 -100 -100 -100 -100 -100 -100 -100 -100 -100 -100 -100 -100 -100 -100 -100 -100 -100 -100 -100 -100 -100 -100 -100 -100 -100 -100 -100 -100 -100 -100 -100 -100 -100 -100 -100 -100 -100 -100 -100 -100 -100 -100 -100 -100 -100 -100 -100 -100 -100 -100 -100 -100 -100 -100 -100 -100 -100 -100 -100 -100 -100 -100 -100 -100 -100 -100 -100 -100 -100 -100 -100 -100 -100 -100 -100 -100 -100 -100 -100 -100 -100 -100 -100 -100 -100 -100 -100 -100 -100 -100 -100 -100 -100 -100 -100 -100 -100 -100 -100 -100 -100 -100 -100 -100 -100 -100 -100 -100 -100 -100 -100 -100 -100 -100 -100 -100 -100 -100 -100 -100 -100 -100 -100 -100 -100 -100 -100 -100 -100 -100 -100 -100 -100 -100 -100 -100 -100 -100 -100 -100 -100 -100 -100 -100 -100 -100 -100 -100 -100 -100 -100 -99.9999999999999 -99.9999999999998 -99.9999999999999 -100 -100 -100 -100 -100 -100 -100 -100 -100 -100 -100 -100 -100 -100 -100 -100 -100 -100 -100 -100 -100 -100 -100 -100 -100 -100 -100 -100 -100 -100 -100 -100 -100 -100 -100 -100 -100 -100 -100 -99.9999999999998 -100 -100 -100 -99.9999999999999 -100 -100 -100 -100 -100 -100 -100 -100 -100 -100 -100 -100 -100 -100 -100 -100 -100 -100 -100 -100 -100 -100 -99.9999999999178 -99.9999999999196 -99.9999999999258 -99.9999999999184 -99.9999999999137 -99.9999999999025 -99.9999999999006 -99.999999999893 -99.9999999998894 -99.9999999998914 -99.9999999998906 -99.9999999998917 -99.9999999998932 -99.9999999998961 -99.9999999999021 -99.9999999999236 -99.9999999999288 -99.9999999999397 -99.9999999999535 -99.9999999999451 -99.9999999999388 -99.999999999936 -99.9999999999335 -99.9999999999311 -99.9999999999431 -99.9999999999565 -99.9999999999604 -99.9999999999559 -99.9999999999515 -99.9999999999489 -99.9999999999323 -99.9999999999346 -99.9999999999296 -99.999999999929 -99.9999999999292 -99.9999999999272 -99.999999999927 -99.9999999999216 -99.999999999925 -99.9999999999303 -99.9999999999305 -99.9999999999115 -99.9999999999004 -99.9999999998967 -99.9999999998962 -99.9999999998964 -99.9999999999934 -99.9999999999937 -99.9999999999938 -99.999999999994 -99.9999999999943 -99.9999999999947 -99.9999999999951 -99.9999999999952 -99.9999999999954 -99.9999999999961 -99.9999999999968 -99.9999999999975 -99.9999999999982 -99.9999999999986 -99.9999999999986 -99.9999999999987 -99.999999999999 -99.9999999999992 -99.9999999999994 -99.9999999999996 -99.9999999999997 -99.9999999999995 -99.9999999999994 -99.9999999999992 -99.9999999999987 -99.9999999999979 -99.9999999999974 -99.9999999999968 -99.9999999999961 -99.999999999995 -99.9999999999942 -99.9999999999939 -99.9999999999929 -99.9999999999919 -99.9999999999908 -99.9999999999902 -99.9999999999897 -99.9999999999895 -99.9999999999897 -99.9999999999899 -99.9999999999898 -99.9999999999898 -99.99999999999 -99.9999999999908 -99.9999999999914 -99.9999999999921 -99.9999999999931 -99.9999999999941 -99.9999999999949 -99.9999999999959 -99.9999999999967 -99.9999999999973 -99.999999999998 -99.9999999999986 -99.9999999999989 -99.999999999999 -99.9999999999988 -99.9999999999984 -99.9999999999978 -99.9999999999969 -99.9999999999956 -99.9999999999937 -99.9999999999916 -99.9999999999894 -99.9999999999871 -99.9999999999847 -99.9999999999808 -99.9999999999768 -99.9999999999751 -99.999999999973 -99.9999999999703 -99.9999999999676 -99.9999999999647 -99.9999999999625 -99.9999999999601 -99.999999999959 -99.9999999999572 -99.9999999999561 -99.9999999999549 -99.9999999999557 -99.9999999999564 -99.9999999999577 -99.9999999999587 -99.999999999959 -99.9999999999604 -99.9999999999612 -99.9999999999637 -99.9999999999654 -99.999999999968 -99.9999999999696 -99.9999999999718 -99.9999999999733 -99.999999999974 -99.9999999999751 -99.9999999999776 -99.9999999999788 -99.9999999999792 -99.9999999999816 -99.9999999999829 -99.9999999999848 -99.9999999999869 -99.9999999999888 -99.9999999999905 -99.999999999992 -99.9999999999936 -99.9999999999949 -99.9999999999964 -99.999999999998 -99.9999999999991 -99.9999999999997 -99.9999999999997 -99.9999999999992 -99.9999999999976 -99.9999999999957 -99.9999999999925 -99.9999999999888 -99.9999999999844 -99.9999999999783 -99.9999999999725 -99.9999999999646 -99.9999999999564 -99.9999999999481 -99.99999999994 -99.9999999999307 -99.9999999999223 -99.9999999999135 -99.9999999999064 -99.9999999998997 -99.9999999998929 -99.9999999998893 -99.9999999998885 -99.9999999998879 -99.9999999998869 -99.9999999998875 -99.9999999998923 -99.9999999998996 -99.9999999999082 -99.9999999999172 -99.999999999925 -99.9999999999355 -99.9999999999469 -99.9999999999572 -99.9999999999658 -99.9999999999755 -99.9999999999826 -99.9999999999895 -99.9999999999943 -99.9999999999982 -99.9999999999998 -99.9999999999998 -99.9999999999984 -99.9999999999959 -99.9999999999908 -99.9999999999854 -99.9999999999792 -99.9999999999736 -99.9999999999666 -99.9999999999616 -99.999999999955 -99.9999999999522 -99.9999999999467 -99.9999999999446 -99.9999999999447 -99.9999999999433 -99.9999999999437 -99.9999999999457 -99.9999999999481 -99.9999999999524 -99.9999999999578 -99.9999999999611 -99.9999999999661 -99.99999999997 -99.999999999974 -99.9999999999767 -99.9999999999788 -99.9999999999804 -99.9999999999814 -99.9999999999815 -99.9999999999813 -99.9999999999804 -99.9999999999791 -99.9999999999787 -99.999999999978 -99.9999999999785 -99.9999999999786 -99.9999999999792 -99.9999999999802 -99.9999999999808 -99.9999999999835 -99.9999999999865 -99.9999999999894 -99.9999999999926 -99.9999999999951 -99.9999999999975 -99.9999999999991 -99.9999999999998 -99.9999999999994 -99.9999999999983 -99.9999999999961 -99.9999999999929 -99.9999999999888 -99.9999999999848 -99.9999999999795 -99.9999999999746 -99.9999999999704 -99.9999999999667 -99.9999999999645 -99.9999999999638 -99.9999999999629 -99.9999999999644 -99.9999999999666 -99.9999999999701 -99.9999999999734 -99.9999999999781 -99.9999999999839 -99.9999999999889 -99.9999999999926 -99.9999999999948 -99.9999999999967 -99.9999999999968 -99.9999999999958 -99.9999999999929 -99.9999999999883 -99.9999999999824 -99.9999999999753 -99.9999999999677 -99.999999999961 -99.9999999999558 -99.9999999999492 -99.9999999999462 -99.9999999999438 -99.9999999999449 -99.999999999948 -99.9999999999521 -99.9999999999576 -99.999999999965 -99.999999999973 -99.9999999999815 -99.9999999999868 -99.9999999999922 -99.9999999999944 -99.9999999999931 -99.9999999999876 -99.9999999999787 -99.9999999999655 -99.9999999999489 -99.9999999999284 -99.9999999999069 -99.9999999998841 -99.9999999998601 -99.9999999998375 -99.9999999998174 -99.9999999998004 -99.9999999997885 -99.9999999997813 -99.9999999997798 -99.999999999784 -99.9999999997973 -99.9999999998133 -99.9999999998345 -99.9999999998588 -99.9999999998856 -99.9999999999116 -99.9999999999379 -99.9999999999602 -99.9999999999774 -99.9999999999893 -99.9999999999943 -99.9999999999918 -99.9999999999818 -99.9999999999647 -99.9999999999408 -99.9999999999119 -99.9999999998784 -99.9999999998432 -99.9999999998068 -99.999999999772 -99.9999999997407 -99.999999999713 -99.9999999996912 -99.9999999996763 -99.9999999996685 -99.9999999996682 -99.9999999996751 -99.9999999996871 -99.999999999705 -99.999999999727 -99.9999999997518 -99.999999999778 -99.9999999998039 -99.9999999998284 -99.9999999998508 -99.9999999998702 -99.999999999886 -99.9999999998984 -99.9999999999073 -99.9999999999133 -99.9999999999169 -99.9999999999189 -99.99999999992 -99.9999999999211 -99.9999999999228 -99.9999999999258 -99.9999999999302 -99.9999999999362 -99.9999999999438 -99.9999999999525 -99.9999999999621 -99.9999999999717 -99.9999999999808 -99.9999999999887 -99.9999999999948 -99.9999999999987 -100]
