RCS SIMULATOR RESULTS 20260619211528

Simulation Parameters:
    Mode: Monostatic
    Radar Frequency (GHz): 1.0000
    Wavelength (m): 0.300000
    Correlation distance (m): 0.000000
    Standard Deviation (m): 0.000000
    Incident wave polarization: TM-z
    Number of triangles: 10938
    Start phi angle (degrees): 90
    Stop phi angle (degrees): 90
    Phi increment step (degrees): 0
    Start theta angle (degrees): 0
    Stop theta angle (degrees): 180
    Theta increment step (degrees): 2.500000e-01

Simulation Results IR Signature:
Theta (deg):
[0 0.25 0.5 0.75 1 1.25 1.5 1.75 2 2.25 2.5 2.75 3 3.25 3.5 3.75 4 4.25 4.5 4.75 5 5.25 5.5 5.75 6 6.25 6.5 6.75 7 7.25 7.5 7.75 8 8.25 8.5 8.75 9 9.25 9.5 9.75 10 10.25 10.5 10.75 11 11.25 11.5 11.75 12 12.25 12.5 12.75 13 13.25 13.5 13.75 14 14.25 14.5 14.75 15 15.25 15.5 15.75 16 16.25 16.5 16.75 17 17.25 17.5 17.75 18 18.25 18.5 18.75 19 19.25 19.5 19.75 20 20.25 20.5 20.75 21 21.25 21.5 21.75 22 22.25 22.5 22.75 23 23.25 23.5 23.75 24 24.25 24.5 24.75 25 25.25 25.5 25.75 26 26.25 26.5 26.75 27 27.25 27.5 27.75 28 28.25 28.5 28.75 29 29.25 29.5 29.75 30 30.25 30.5 30.75 31 31.25 31.5 31.75 32 32.25 32.5 32.75 33 33.25 33.5 33.75 34 34.25 34.5 34.75 35 35.25 35.5 35.75 36 36.25 36.5 36.75 37 37.25 37.5 37.75 38 38.25 38.5 38.75 39 39.25 39.5 39.75 40 40.25 40.5 40.75 41 41.25 41.5 41.75 42 42.25 42.5 42.75 43 43.25 43.5 43.75 44 44.25 44.5 44.75 45 45.25 45.5 45.75 46 46.25 46.5 46.75 47 47.25 47.5 47.75 48 48.25 48.5 48.75 49 49.25 49.5 49.75 50 50.25 50.5 50.75 51 51.25 51.5 51.75 52 52.25 52.5 52.75 53 53.25 53.5 53.75 54 54.25 54.5 54.75 55 55.25 55.5 55.75 56 56.25 56.5 56.75 57 57.25 57.5 57.75 58 58.25 58.5 58.75 59 59.25 59.5 59.75 60 60.25 60.5 60.75 61 61.25 61.5 61.75 62 62.25 62.5 62.75 63 63.25 63.5 63.75 64 64.25 64.5 64.75 65 65.25 65.5 65.75 66 66.25 66.5 66.75 67 67.25 67.5 67.75 68 68.25 68.5 68.75 69 69.25 69.5 69.75 70 70.25 70.5 70.75 71 71.25 71.5 71.75 72 72.25 72.5 72.75 73 73.25 73.5 73.75 74 74.25 74.5 74.75 75 75.25 75.5 75.75 76 76.25 76.5 76.75 77 77.25 77.5 77.75 78 78.25 78.5 78.75 79 79.25 79.5 79.75 80 80.25 80.5 80.75 81 81.25 81.5 81.75 82 82.25 82.5 82.75 83 83.25 83.5 83.75 84 84.25 84.5 84.75 85 85.25 85.5 85.75 86 86.25 86.5 86.75 87 87.25 87.5 87.75 88 88.25 88.5 88.75 89 89.25 89.5 89.75 90 90.25 90.5 90.75 91 91.25 91.5 91.75 92 92.25 92.5 92.75 93 93.25 93.5 93.75 94 94.25 94.5 94.75 95 95.25 95.5 95.75 96 96.25 96.5 96.75 97 97.25 97.5 97.75 98 98.25 98.5 98.75 99 99.25 99.5 99.75 100 100.25 100.5 100.75 101 101.25 101.5 101.75 102 102.25 102.5 102.75 103 103.25 103.5 103.75 104 104.25 104.5 104.75 105 105.25 105.5 105.75 106 106.25 106.5 106.75 107 107.25 107.5 107.75 108 108.25 108.5 108.75 109 109.25 109.5 109.75 110 110.25 110.5 110.75 111 111.25 111.5 111.75 112 112.25 112.5 112.75 113 113.25 113.5 113.75 114 114.25 114.5 114.75 115 115.25 115.5 115.75 116 116.25 116.5 116.75 117 117.25 117.5 117.75 118 118.25 118.5 118.75 119 119.25 119.5 119.75 120 120.25 120.5 120.75 121 121.25 121.5 121.75 122 122.25 122.5 122.75 123 123.25 123.5 123.75 124 124.25 124.5 124.75 125 125.25 125.5 125.75 126 126.25 126.5 126.75 127 127.25 127.5 127.75 128 128.25 128.5 128.75 129 129.25 129.5 129.75 130 130.25 130.5 130.75 131 131.25 131.5 131.75 132 132.25 132.5 132.75 133 133.25 133.5 133.75 134 134.25 134.5 134.75 135 135.25 135.5 135.75 136 136.25 136.5 136.75 137 137.25 137.5 137.75 138 138.25 138.5 138.75 139 139.25 139.5 139.75 140 140.25 140.5 140.75 141 141.25 141.5 141.75 142 142.25 142.5 142.75 143 143.25 143.5 143.75 144 144.25 144.5 144.75 145 145.25 145.5 145.75 146 146.25 146.5 146.75 147 147.25 147.5 147.75 148 148.25 148.5 148.75 149 149.25 149.5 149.75 150 150.25 150.5 150.75 151 151.25 151.5 151.75 152 152.25 152.5 152.75 153 153.25 153.5 153.75 154 154.25 154.5 154.75 155 155.25 155.5 155.75 156 156.25 156.5 156.75 157 157.25 157.5 157.75 158 158.25 158.5 158.75 159 159.25 159.5 159.75 160 160.25 160.5 160.75 161 161.25 161.5 161.75 162 162.25 162.5 162.75 163 163.25 163.5 163.75 164 164.25 164.5 164.75 165 165.25 165.5 165.75 166 166.25 166.5 166.75 167 167.25 167.5 167.75 168 168.25 168.5 168.75 169 169.25 169.5 169.75 170 170.25 170.5 170.75 171 171.25 171.5 171.75 172 172.25 172.5 172.75 173 173.25 173.5 173.75 174 174.25 174.5 174.75 175 175.25 175.5 175.75 176 176.25 176.5 176.75 177 177.25 177.5 177.75 178 178.25 178.5 178.75 179 179.25 179.5 179.75 180]

RCS Theta (dBsm):
[20.3073533800601 20.2941228199272 20.2601873978508 20.2021998773092 20.1197505036673 20.012728043368 19.8814797731547 19.7259843961111 19.5460251773366 19.3414112366385 19.1118138392019 18.8568600427929 18.5761378141707 18.2691697830162 17.9353970032781 17.5742275263104 17.1849419899476 16.7667611363637 16.3187793530668 15.8399903904011 15.3292595014138 14.7852721482379 14.2065440728587 13.591364112578 12.9377433091393 12.2433395359966 11.5054194811067 10.720722106696 9.8853055982962 8.99439484195333 8.04203854884711 7.0207661609079 5.92100946728003 4.73025530466054 3.43173701256705 2.00233334371707 0.409033804284414 -1.39735745872525 -3.49416969158275 -6.0114607588715 -9.18564524531655 -13.4557223356835 -18.8232567090699 -18.1957024420845 -13.6436844001012 -10.4300054809387 -8.19127683660724 -6.53771978606233 -5.26163199705387 -4.24641804736469 -3.42145102286545 -2.74123908979961 -2.17511863296833 -1.70176006931465 -1.30604345405062 -0.977183026015188 -0.707555560308136 -0.491913619444071 -0.326904139848508 -0.210703956893806 -0.142793703099663 -0.124640855822738 -0.156673964188843 -0.241579488522589 -0.383155890818904 -0.586417257294304 -0.857813401019682 -1.20551892680147 -1.63991026056357 -2.17428016842295 -2.82592723193695 -3.61785228909349 -4.58146341906694 -5.76097998138882 -7.22059234932463 -9.05495418222966 -11.3941614307058 -14.3098410596376 -17.0025320259029 -16.4954358692697 -13.4930123791069 -10.6521689478022 -8.40403540573763 -6.64057335157123 -5.24335962175635 -4.13026489269975 -3.24683467879859 -2.55594067205868 -2.03399808512512 -1.66337213466657 -1.4308327870283 -1.33063699356791 -1.35759735721224 -1.50493439479482 -1.76710522322089 -2.14184423263605 -2.62694740326492 -3.21284274481155 -3.89225922564464 -4.6479958329022 -5.45409213723105 -6.27997923535598 -7.08663117733068 -7.83945733949806 -8.5034724555791 -9.07571010955217 -9.58506100718632 -10.0747107671304 -10.6044926540618 -11.2350575571999 -12.0311180767997 -13.0343695068918 -14.2763653049869 -15.7475640830278 -17.3175990662917 -18.6145269731209 -18.985327902831 -18.2535688086451 -17.0185411884592 -15.8200671695622 -14.8672594088484 -14.2223876513756 -13.8781966629316 -13.8255696546965 -14.0679745311593 -14.6149833656742 -15.482039615289 -16.7023358791502 -18.3279966037382 -20.4184675211407 -23.0636019423519 -26.3835481850643 -30.4060233870578 -34.4003374120799 -36.9242277475061 -38.1085410796878 -34.5386445126447 -28.316285517231 -23.2353962426079 -19.2741785557128 -16.1263097872331 -13.5710459288181 -11.4773763080682 -9.76094682237207 -8.36637980367551 -7.25395442976468 -6.39951050177937 -5.78600675367233 -5.39989747354947 -5.23685791963498 -5.2953712831212 -5.57724964813354 -6.08736489488337 -6.83336666967 -7.81613030589544 -9.02606298941834 -10.4202062219719 -11.8934114283398 -13.2455199052622 -14.2460722772333 -14.8148181867442 -15.1194330391409 -15.4203187017995 -15.8674203339989 -16.3843348440012 -16.6249655621417 -16.1492741094246 -14.9366263243013 -13.4540701607091 -12.1263328089147 -11.1627554682403 -10.6494273376628 -10.646297037839 -11.2353478272096 -12.5604058836377 -14.790477709975 -17.4819490770174 -17.0387582836199 -13.2617956714774 -9.85753518259271 -7.33999531765896 -5.53001884789946 -4.28447658237935 -3.51439504149816 -3.17353778630824 -3.24663698642989 -3.74259340561548 -4.68888616760677 -6.11786382454641 -8.00583455337766 -10.0080529433392 -10.9782200399034 -10.0570733344148 -8.33973963951226 -6.83558570298872 -5.78892358891301 -5.17444866028519 -4.89675765418853 -4.82173124282965 -4.78426562452107 -4.62366740346983 -4.27434106164925 -3.80877305371479 -3.38911818737206 -3.17944703535538 -3.31915463568929 -3.94021042083278 -5.21294036883813 -7.42864587005384 -11.1508784149044 -16.1620885722998 -13.2113853151361 -8.20473963690509 -5.03532510256192 -3.06525573183312 -1.92928647017224 -1.46703840612628 -1.62502936908246 -2.42665671972391 -3.97662083606629 -6.50054635802789 -10.3245278743941 -14.0237111400564 -11.6251923190023 -8.03571082949699 -5.76848551653384 -4.5260248059501 -4.0018636446231 -3.94290673792818 -4.05206837864674 -3.98974707090547 -3.57194628539479 -2.95561230719753 -2.48155093624485 -2.45020958207403 -3.07357997322252 -4.40350476881603 -5.60096336257994 -4.12079918074696 -0.593231572347988 2.68190002908721 5.22990672366056 7.11100101436062 8.4125370913587 9.1825013041026 9.42526294277999 9.09444896564844 8.06471159192195 6.04408218634816 2.24830526499363 -6.39438703267529 -3.54091326841569 4.38301921220989 8.46921422400841 11.0086161599145 12.6349215797639 13.5923920444638 13.9803903917317 13.819441678972 13.0622525223035 11.5652277966842 8.97605970878655 4.25124577986848 -8.957309299149 0.557649258223671 7.49086883930909 10.9841636193212 13.0638514990779 14.2828240974677 14.8556391063783 14.8665629444019 14.3248780222713 13.1707505742654 11.2407462493556 8.1442174159883 2.80973768108394 -4.9304247096463 2.50336248501606 7.43374112604215 10.1475353260889 11.7082742150466 12.5088507711692 12.7206437015655 12.4194504581596 11.6276515275067 10.3283957770443 8.47203292672205 6.00338695006937 3.051436922236 0.743249161193054 1.0389062222637 2.81943287972241 4.39914683403763 5.45554239127479 6.06132146503188 6.3269249307792 6.34177877483723 6.1634450981806 5.81287570463252 5.27315975640932 4.49208511086353 3.38384269238832 1.82357685878115 -0.386209520090063 -3.60687664516205 -8.57187583421808 -14.2741816078982 -10.0393855276251 -5.8530049030919 -3.49225124280558 -2.16200635807907 -1.41917063226389 -0.949791978738678 -0.493096312914444 0.112708261703683 0.867158330835988 1.64576304664889 2.30244869434017 2.72919014416976 2.85709236903081 2.63726981465105 2.01960241172225 0.930651769482437 -0.758021141809308 -3.28966697027117 -7.06013574566081 -10.9457630889186 -8.03030675594144 -3.5270905663931 -0.296747949004529 2.03376191554315 3.76043265268654 5.03783412181825 5.94473733941213 6.51794373347507 6.76724714950764 6.68058886988879 6.22188035959245 5.31993098401715 3.83782438402992 1.48887679224135 -2.46526774798068 -10.9385596924736 -10.0514603658484 -1.47636622917358 2.88583558829578 5.74878570663003 7.83324617084241 9.43580017049621 10.7104126111461 11.7489568104362 12.6111721297433 13.3377876464355 13.9569000510587 14.4873471685176 14.9408335413519 15.3234269515472 15.6367333364913 15.878869501657 16.04527198348 16.1293500112666 16.1235764008136 16.0186053839807 15.803943930053 15.4680161786782 14.9979524786943 14.3791217445847 13.5943474546927 12.6225336273217 11.4364491671566 9.99888294036049 8.25540742924399 6.12023493671775 3.44386225170468 -0.0752714413749797 -5.21099935909194 -15.2982228510497 -15.2861115289122 -7.46491653407432 -4.1634399580407 -2.3817331192691 -1.3819305924123 -0.862658338839531 -0.665852082927752 -0.695909516057124 -0.889941339617835 -1.20730098179734 -1.62689421195112 -2.14776382007385 -2.78983441614096 -3.59798638375538 -4.64752500600112 -6.05930025090148 -8.04271963507957 -11.0236395105243 -16.1834825743587 -27.8414667042344 -17.44872924062 -11.3221337113501 -7.89376957048981 -5.67752629907916 -4.20332356063053 -3.27137500602421 -2.78549858297338 -2.70224771417786 -3.01034595829553 -3.72784884432828 -4.90674799597987 -6.65054708995271 -9.15447871937521 -12.7682662558867 -17.4945313092695 -17.8577449304167 -13.7401030535787 -10.7032845888325 -8.76014909599546 -7.54970063684886 -6.86233785601645 -6.57746254833862 -6.62224761508921 -6.95048880269413 -7.53368531807102 -8.36334247426393 -9.45242754780086 -10.8395698508174 -12.6078821302876 -14.9107709137881 -17.9908815103989 -21.8555976484928 -23.3908432952242 -20.1227981334216 -16.849264651114 -14.5426190937015 -12.997975157312 -12.043679364129 -11.5870946869152 -11.5885079639087 -12.0393525695139 -12.9474335612309 -14.3064456275832 -15.9795817612514 -17.4183987279298 -17.6297561210549 -16.5332342948651 -15.13075938533 -14.0638166276517 -13.5292814561412 -13.592090264955 -14.3380120636349 -15.9562396256416 -18.9339777734959 -24.9559893461615 -36.8975738135938 -22.4332543710473 -17.1400188679256 -14.1485030016082 -12.2837048034031 -11.144249422971 -10.5505039880017 -10.4103166325537 -10.6734124494441 -11.3102093336447 -12.3041625668371 -13.6301904345621 -15.2182802922367 -16.8829194648582 -18.23116760012 -18.8020331978134 -18.5519131464771 -17.8790435397069 -17.1381691283564 -16.4684472562725 -15.8775660982883 -15.3231144897628 -14.7618100339757 -14.1682174158502 -13.5412885412361 -12.906125969931 -12.3067725633725 -11.7942715174384 -11.4201487389432 -11.2276807741554 -11.2562934053337 -11.5343016110597 -12.0603605566418 -12.7662760603141 -13.4436156929356 -13.6929679287975 -13.1732347733353 -12.0180648820516 -10.6654440519782 -9.44402383164087 -8.50180180827351 -7.89196883061794 -7.63244553171342 -7.73664700811696 -8.22613799863013 -9.13336128123473 -10.5010087837701 -12.3541510666683 -14.5500413514298 -16.3102591693806 -16.2938559623907 -14.8565305017526 -13.3468149487386 -12.3039899070381 -11.8114065214423 -11.8630490968583 -12.4613098327221 -13.653731484689 -15.5451178047736 -18.3249064091566 -22.196493781398 -25.884964512968 -24.8123226614963 -22.2173388707226 -20.8223206810137 -20.7198143110671 -22.0004016402231 -25.2480578085092 -31.0794946504081 -26.4826206167167 -20.2946424626474 -16.4298862275017 -13.8126028963885 -11.9700112842001 -10.6739643680147 -9.79399683460383 -9.2394156256627 -8.93894197559008 -8.82611013887227 -8.82234913566978 -8.84739613805267 -8.82357652223194 -8.69865319472649 -8.460413419581 -8.13908012974536 -7.79048054742556 -7.47051110124517 -7.22383955891553 -7.082662066317 -7.07213920529136 -7.20212175337637 -7.48619296167011 -7.9378887190762 -8.57289460616278 -9.41454266313773 -10.4966497844202 -11.8671628823112 -13.5911871176283 -15.7654563729064 -18.4802470107146 -21.5453380351032 -23.3187545258693 -21.9246250414025 -19.4405405695325 -17.2970347727323 -15.5821238991355 -14.1513492816931 -12.8840991474975 -11.7084556366816 -10.5980903001169 -9.55677570052316 -8.60597019714621 -7.77216937631683 -7.07708909940138 -6.54029742024651 -6.17309422848574 -5.98536768815655 -5.98397086987529 -6.17756724015309 -6.57316301213401 -7.17913599537854 -8.00542798746299 -9.06437778794075 -10.362018468543 -11.9054011294192 -13.7000715216431 -15.7377226393362 -17.9947868344123 -20.4536016562594 -23.2117170361802 -26.6536239156985 -31.9691977792317 -36.3933347682303 -28.6167830924226 -23.324989408424 -19.8155219395923 -17.293824331719 -15.4240004759552 -14.0268423180105 -13.0143829662858 -12.3483000008823 -12.0048171880712 -11.983143559555 -12.2909045586028 -12.9309064542957 -13.9128738000779 -15.2119174492198 -16.6656787951594 -17.7893621991399 -17.8338190197832 -16.7034911141079 -15.1235728695822 -13.6302425082077 -12.4204101429683 -11.5159059989774 -10.8898125372039 -10.5228195436452 -10.3864569571285 -10.4600547936968 -10.722484365253 -11.1632965272579 -11.7766514715887 -12.5750668091229 -13.5958111844771 -14.9202403297938 -16.7116030877025 -19.3745636877627 -24.0244366161608 -35.7626862649639 -25.3553431326492 -18.1980176181774 -13.8890460048239 -10.7536387387119 -8.28037329765786 -6.25078747715764 -4.55615223994557 -3.12688766748586 -1.91936386202225 -0.905708672276778 -0.067008345069465 0.609633241950781 1.1334434294749 1.50933507117715 1.7389215104463 1.82030825114156 1.74743446294705 1.50919048916314 1.08754357664434 0.4541929544692 -0.435198833254623 -1.65450076805225 -3.33272066999144 -5.72520800646884 -9.44056412751394 -16.4983450174658 -19.4805586754888 -10.2254481465418 -5.46948969531518 -2.34168865827778 -0.0319611882292467 1.77693298692483 3.24052172971837 4.44594906114231 5.446354712575 6.27591286827966 6.95722688614681 7.505289246644 7.92967611295497 8.23580781167154 8.42582741474909 8.498082789495 8.44790362476787 8.2667618052164 7.94124315806991 7.45119666879349 6.76643508034378 5.84062032689808 4.59907812269951 2.9117152219041 0.52216823947957 -3.19396810871985 -10.6583788007102 -17.6468900804614 -4.80468005939393 0.284365679735468 3.51754513669712 5.87316586668004 7.70288883064533 9.17316144741825 10.3754411107093 11.3647922078978 12.1762984878266 12.8329812628907 13.3499505732515 13.7366974012071 13.9983421200614 14.1362481597247 14.1481616589235 14.0279152746261 13.7646170831465 13.3410916617917 12.7310623854275 11.8939636179043 10.7647926703461 9.23222970794005 7.08403593788353 3.83529942019108 -2.11023826297005 -26.6595598893908 -0.663240514648598 5.34516556929851 8.96813895078701 11.5723437569644 13.5982508923251 15.2446137534484 16.618224271094 17.7831003512613 18.7805850572787 19.6388891636937 20.3780185793408 21.0125912700749 21.5535251430496 22.0091125494286 22.3856941623027 22.6881098365794 22.9201449067134 23.084396941813 23.1822045033348 23.2144574266177]

Phi (deg):
[90 90 90 90 90 90 90 90 90 90 90 90 90 90 90 90 90 90 90 90 90 90 90 90 90 90 90 90 90 90 90 90 90 90 90 90 90 90 90 90 90 90 90 90 90 90 90 90 90 90 90 90 90 90 90 90 90 90 90 90 90 90 90 90 90 90 90 90 90 90 90 90 90 90 90 90 90 90 90 90 90 90 90 90 90 90 90 90 90 90 90 90 90 90 90 90 90 90 90 90 90 90 90 90 90 90 90 90 90 90 90 90 90 90 90 90 90 90 90 90 90 90 90 90 90 90 90 90 90 90 90 90 90 90 90 90 90 90 90 90 90 90 90 90 90 90 90 90 90 90 90 90 90 90 90 90 90 90 90 90 90 90 90 90 90 90 90 90 90 90 90 90 90 90 90 90 90 90 90 90 90 90 90 90 90 90 90 90 90 90 90 90 90 90 90 90 90 90 90 90 90 90 90 90 90 90 90 90 90 90 90 90 90 90 90 90 90 90 90 90 90 90 90 90 90 90 90 90 90 90 90 90 90 90 90 90 90 90 90 90 90 90 90 90 90 90 90 90 90 90 90 90 90 90 90 90 90 90 90 90 90 90 90 90 90 90 90 90 90 90 90 90 90 90 90 90 90 90 90 90 90 90 90 90 90 90 90 90 90 90 90 90 90 90 90 90 90 90 90 90 90 90 90 90 90 90 90 90 90 90 90 90 90 90 90 90 90 90 90 90 90 90 90 90 90 90 90 90 90 90 90 90 90 90 90 90 90 90 90 90 90 90 90 90 90 90 90 90 90 90 90 90 90 90 90 90 90 90 90 90 90 90 90 90 90 90 90 90 90 90 90 90 90 90 90 90 90 90 90 90 90 90 90 90 90 90 90 90 90 90 90 90 90 90 90 90 90 90 90 90 90 90 90 90 90 90 90 90 90 90 90 90 90 90 90 90 90 90 90 90 90 90 90 90 90 90 90 90 90 90 90 90 90 90 90 90 90 90 90 90 90 90 90 90 90 90 90 90 90 90 90 90 90 90 90 90 90 90 90 90 90 90 90 90 90 90 90 90 90 90 90 90 90 90 90 90 90 90 90 90 90 90 90 90 90 90 90 90 90 90 90 90 90 90 90 90 90 90 90 90 90 90 90 90 90 90 90 90 90 90 90 90 90 90 90 90 90 90 90 90 90 90 90 90 90 90 90 90 90 90 90 90 90 90 90 90 90 90 90 90 90 90 90 90 90 90 90 90 90 90 90 90 90 90 90 90 90 90 90 90 90 90 90 90 90 90 90 90 90 90 90 90 90 90 90 90 90 90 90 90 90 90 90 90 90 90 90 90 90 90 90 90 90 90 90 90 90 90 90 90 90 90 90 90 90 90 90 90 90 90 90 90 90 90 90 90 90 90 90 90 90 90 90 90 90 90 90 90 90 90 90 90 90 90 90 90 90 90 90 90 90 90 90 90 90 90 90 90 90 90 90 90 90 90 90 90 90 90 90 90 90 90 90 90 90 90 90 90 90 90 90 90 90 90 90 90 90 90 90 90 90 90 90 90 90 90 90 90 90 90 90 90 90 90 90 90 90 90 90 90 90 90 90 90 90 90 90 90 90 90 90 90 90 90 90 90 90 90 90 90 90]

RCS Phi (dBsm):
[-100 -99.9999999999993 -99.9999999999973 -99.999999999994 -99.9999999999894 -99.9999999999839 -99.9999999999773 -99.99999999997 -99.9999999999621 -99.9999999999539 -99.9999999999455 -99.9999999999372 -99.9999999999292 -99.9999999999217 -99.9999999999149 -99.9999999999089 -99.999999999904 -99.9999999999002 -99.9999999998976 -99.9999999998963 -99.9999999998963 -99.9999999998976 -99.9999999999001 -99.9999999999038 -99.9999999999085 -99.9999999999142 -99.9999999999206 -99.9999999999276 -99.999999999935 -99.9999999999426 -99.9999999999502 -99.9999999999577 -99.9999999999649 -99.9999999999716 -99.9999999999777 -99.9999999999831 -99.9999999999877 -99.9999999999914 -99.9999999999944 -99.9999999999965 -99.9999999999979 -99.9999999999985 -99.9999999999985 -99.9999999999979 -99.9999999999969 -99.9999999999956 -99.9999999999941 -99.9999999999924 -99.9999999999906 -99.9999999999889 -99.9999999999873 -99.9999999999857 -99.9999999999842 -99.9999999999828 -99.9999999999815 -99.9999999999802 -99.9999999999789 -99.9999999999776 -99.9999999999762 -99.9999999999747 -99.9999999999733 -99.9999999999718 -99.9999999999704 -99.999999999969 -99.9999999999679 -99.9999999999671 -99.9999999999667 -99.9999999999668 -99.9999999999676 -99.999999999969 -99.999999999971 -99.9999999999737 -99.9999999999769 -99.9999999999804 -99.9999999999841 -99.9999999999878 -99.9999999999913 -99.999999999994 -99.9999999999959 -99.9999999999968 -99.9999999999967 -99.999999999995 -99.9999999999924 -99.9999999999888 -99.9999999999844 -99.9999999999794 -99.9999999999742 -99.9999999999693 -99.9999999999651 -99.9999999999622 -99.9999999999603 -99.9999999999597 -99.9999999999604 -99.9999999999631 -99.9999999999667 -99.999999999971 -99.9999999999764 -99.999999999981 -99.9999999999858 -99.9999999999891 -99.9999999999912 -99.9999999999932 -99.9999999999935 -99.9999999999927 -99.9999999999902 -99.9999999999882 -99.9999999999852 -99.9999999999833 -99.9999999999833 -99.9999999999827 -99.9999999999835 -99.999999999984 -99.9999999999857 -99.9999999999883 -99.9999999999913 -99.9999999999947 -99.9999999999957 -99.9999999999954 -99.9999999999939 -99.999999999992 -99.9999999999895 -99.999999999987 -99.9999999999848 -99.9999999999812 -99.9999999999792 -99.9999999999792 -99.9999999999804 -99.9999999999844 -99.9999999999871 -99.9999999999891 -99.9999999999925 -99.9999999999946 -99.9999999999956 -99.9999999999946 -99.9999999999919 -99.9999999999874 -99.9999999999807 -99.9999999999748 -99.9999999999708 -99.9999999999666 -99.9999999999649 -99.9999999999634 -99.9999999999678 -99.9999999999727 -99.9999999999777 -99.9999999999837 -99.9999999999897 -99.999999999994 -99.9999999999976 -99.9999999999993 -99.9999999999997 -99.9999999999991 -99.9999999999972 -99.9999999999969 -99.999999999995 -99.9999999999947 -99.9999999999953 -99.9999999999959 -99.9999999999967 -99.9999999999976 -99.9999999999979 -99.9999999999975 -99.9999999999956 -99.9999999999934 -99.9999999999909 -99.9999999999884 -99.9999999999872 -99.9999999999862 -99.999999999987 -99.9999999999888 -99.9999999999914 -99.9999999999935 -99.9999999999957 -99.9999999999963 -99.9999999999957 -99.9999999999927 -99.9999999999883 -99.9999999999833 -99.9999999999791 -99.9999999999752 -99.9999999999731 -99.9999999999746 -99.9999999999759 -99.9999999999802 -99.9999999999849 -99.9999999999885 -99.999999999992 -99.999999999994 -99.9999999999943 -99.9999999999931 -99.9999999999913 -99.9999999999895 -99.9999999999871 -99.999999999986 -99.9999999999863 -99.9999999999882 -99.9999999999903 -99.9999999999929 -99.999999999996 -99.999999999998 -99.9999999999994 -99.9999999999999 -99.9999999999996 -99.999999999999 -99.9999999999986 -99.9999999999983 -99.9999999999985 -99.9999999999987 -99.9999999999993 -99.9999999999995 -99.999999999999 -99.9999999999982 -99.9999999999972 -99.9999999999959 -99.9999999999958 -99.9999999999952 -99.9999999999957 -99.9999999999964 -99.9999999999973 -99.9999999999977 -99.9999999999975 -99.9999999999964 -99.9999999999947 -99.9999999999924 -99.99999999999 -99.9999999999878 -99.9999999999865 -99.9999999999878 -99.9999999999888 -99.99999999999 -99.9999999999913 -99.9999999999923 -99.9999999999918 -99.9999999999912 -99.99999999999 -99.9999999999883 -99.9999999999876 -99.9999999999862 -99.9999999999854 -99.9999999999863 -99.9999999999874 -99.9999999999895 -99.9999999999904 -99.9999999999908 -99.9999999999906 -99.9999999999905 -99.9999999999901 -99.9999999999892 -99.9999999999892 -99.9999999999892 -99.9999999999897 -99.999999999991 -99.999999999992 -99.9999999999932 -99.9999999999934 -99.9999999999941 -99.9999999999943 -99.9999999999947 -99.999999999995 -99.9999999999949 -99.9999999999955 -99.9999999999961 -99.9999999999968 -99.9999999999972 -99.9999999999974 -99.9999999999979 -99.9999999999984 -99.9999999999986 -99.9999999999989 -99.9999999999989 -99.9999999999992 -99.9999999999994 -99.9999999999996 -99.9999999999997 -99.9999999999998 -99.9999999999999 -99.9999999999999 -99.9999999999999 -99.9999999999999 -99.9999999999999 -100 -99.9999999999999 -99.9999999999998 -99.9999999999997 -99.9999999999996 -99.9999999999997 -99.9999999999997 -99.9999999999996 -99.9999999999995 -99.9999999999993 -99.9999999999988 -99.9999999999983 -99.9999999999979 -99.9999999999974 -99.999999999997 -99.9999999999973 -99.9999999999973 -99.9999999999977 -99.9999999999979 -99.9999999999981 -99.9999999999973 -99.9999999999964 -99.9999999999957 -99.999999999995 -99.9999999999944 -99.9999999999946 -99.9999999999952 -99.9999999999953 -99.9999999999955 -99.9999999999954 -99.9999999999948 -99.9999999999943 -99.999999999993 -99.9999999999922 -99.9999999999914 -99.9999999999919 -99.9999999999925 -99.9999999999932 -99.9999999999945 -99.9999999999952 -99.9999999999951 -99.9999999999943 -99.999999999993 -99.9999999999913 -99.99999999999 -99.9999999999893 -99.9999999999903 -99.9999999999918 -99.999999999993 -99.9999999999938 -99.9999999999937 -99.9999999999933 -99.9999999999918 -99.9999999999883 -99.9999999999871 -99.9999999999881 -99.9999999999886 -99.9999999999901 -99.9999999999918 -99.9999999999935 -99.9999999999936 -99.9999999999929 -99.999999999991 -99.9999999999894 -99.9999999999877 -99.9999999999872 -99.9999999999876 -99.9999999999893 -99.9999999999907 -99.9999999999921 -99.9999999999926 -99.999999999992 -99.9999999999908 -99.9999999999894 -99.9999999999883 -99.9999999999879 -99.9999999999884 -99.9999999999895 -99.999999999991 -99.9999999999921 -100 -99.9999999999993 -99.9999999999993 -99.9999999999993 -99.9999999999993 -99.9999999999993 -99.9999999999993 -99.9999999999993 -99.9999999999993 -99.9999999999994 -99.9999999999994 -99.9999999999993 -99.9999999999992 -99.9999999999992 -99.9999999999991 -99.9999999999992 -99.9999999999993 -99.9999999999995 -99.9999999999995 -99.9999999999996 -99.9999999999996 -99.9999999999995 -99.9999999999994 -99.9999999999993 -99.9999999999994 -99.9999999999995 -99.9999999999996 -99.9999999999996 -99.9999999999998 -99.9999999999998 -99.9999999999998 -99.9999999999998 -99.9999999999997 -99.9999999999995 -99.9999999999996 -99.9999999999997 -99.9999999999998 -99.9999999999999 -100 -99.9999999999999 -99.9999999999999 -99.9999999999999 -99.9999999999998 -99.9999999999998 -99.9999999999999 -100 -99.9999999999999 -99.9999999999999 -99.9999999999998 -99.9999999999998 -99.9999999999998 -99.9999999999999 -99.9999999999998 -99.9999999999998 -99.9999999999998 -99.9999999999996 -99.9999999999993 -99.999999999999 -99.9999999999988 -99.9999999999986 -99.9999999999986 -99.9999999999987 -99.9999999999986 -99.9999999999985 -99.9999999999981 -99.9999999999978 -99.999999999997 -99.9999999999962 -99.9999999999958 -99.9999999999954 -99.9999999999952 -99.9999999999953 -99.9999999999953 -99.9999999999953 -99.9999999999949 -99.9999999999948 -99.9999999999932 -99.9999999999921 -99.9999999999917 -99.9999999999915 -99.9999999999913 -99.9999999999918 -99.9999999999917 -99.9999999999912 -99.9999999999906 -99.9999999999903 -99.9999999999901 -99.9999999999901 -99.9999999999898 -99.9999999999898 -99.9999999999898 -99.9999999999907 -99.9999999999906 -99.999999999991 -99.9999999999916 -99.9999999999926 -99.9999999999932 -99.9999999999934 -99.9999999999939 -99.9999999999948 -99.9999999999958 -99.9999999999965 -99.9999999999972 -99.9999999999977 -99.9999999999984 -99.9999999999989 -99.9999999999994 -99.9999999999997 -99.9999999999999 -100 -99.9999999999999 -99.9999999999996 -99.9999999999992 -99.9999999999985 -99.9999999999978 -99.9999999999967 -99.9999999999954 -99.999999999994 -99.9999999999923 -99.9999999999903 -99.9999999999879 -99.9999999999851 -99.9999999999816 -99.9999999999793 -99.9999999999767 -99.9999999999726 -99.9999999999704 -99.9999999999672 -99.9999999999644 -99.9999999999613 -99.9999999999579 -99.9999999999557 -99.9999999999542 -99.9999999999528 -99.9999999999509 -99.9999999999507 -99.9999999999512 -99.999999999952 -99.9999999999535 -99.9999999999547 -99.9999999999553 -99.999999999957 -99.9999999999586 -99.9999999999624 -99.9999999999659 -99.9999999999701 -99.9999999999738 -99.9999999999795 -99.999999999983 -99.9999999999869 -99.9999999999892 -99.999999999992 -99.9999999999945 -99.9999999999969 -99.9999999999986 -99.9999999999996 -100 -99.9999999999994 -99.9999999999979 -99.9999999999955 -99.9999999999925 -99.9999999999885 -99.9999999999843 -99.9999999999795 -99.9999999999741 -99.999999999969 -99.9999999999645 -99.9999999999579 -99.9999999999517 -99.9999999999459 -99.9999999999407 -99.9999999999368 -99.9999999999321 -99.9999999999311 -99.999999999929 -99.999999999928 -99.9999999999274 -99.9999999999292 -99.9999999999348 -99.9999999999373 -99.9999999999428 -99.999999999947 -99.9999999999513 -99.9999999999564 -99.9999999999629 -99.9999999999697 -99.9999999999762 -99.9999999999824 -99.9999999999874 -99.9999999999918 -99.9999999999954 -99.9999999999979 -99.9999999999996 -100 -99.9999999999995 -99.9999999999981 -99.9999999999958 -99.9999999999927 -99.9999999999897 -99.9999999999863 -99.9999999999815 -99.9999999999788 -99.9999999999745 -99.9999999999706 -99.9999999999676 -99.9999999999641 -99.9999999999623 -99.9999999999623 -99.9999999999626 -99.9999999999638 -99.9999999999649 -99.9999999999669 -99.9999999999688 -99.9999999999737 -99.9999999999769 -99.9999999999806 -99.999999999984 -99.9999999999874 -99.9999999999915 -99.9999999999938 -99.999999999996 -99.9999999999976 -99.9999999999989 -99.9999999999997 -100 -99.9999999999998 -99.9999999999995 -99.9999999999989 -99.9999999999982 -99.9999999999974 -99.9999999999972 -99.9999999999969 -99.9999999999971 -99.9999999999969 -99.9999999999966 -99.999999999997 -99.9999999999979 -99.9999999999987 -99.9999999999991 -99.9999999999995 -100 -99.9999999999999 -99.9999999999997 -99.9999999999994 -99.9999999999989 -99.9999999999979 -99.9999999999968 -99.9999999999954 -99.9999999999941 -99.9999999999932 -99.9999999999927 -99.999999999992 -99.9999999999919 -99.9999999999922 -99.9999999999932 -99.9999999999947 -99.9999999999962 -99.9999999999979 -99.9999999999989 -99.9999999999999 -100 -99.9999999999992 -99.9999999999971 -99.9999999999942 -99.9999999999904 -99.9999999999841 -99.999999999977 -99.9999999999698 -99.9999999999619 -99.9999999999524 -99.9999999999436 -99.9999999999356 -99.999999999928 -99.9999999999222 -99.9999999999183 -99.9999999999166 -99.9999999999174 -99.9999999999208 -99.9999999999266 -99.9999999999346 -99.9999999999449 -99.9999999999556 -99.9999999999664 -99.9999999999772 -99.9999999999867 -99.9999999999942 -99.9999999999988 -99.9999999999999 -99.999999999997 -99.99999999999 -99.9999999999787 -99.9999999999635 -99.9999999999448 -99.9999999999235 -99.9999999999005 -99.9999999998769 -99.999999999854 -99.9999999998332 -99.9999999998154 -99.9999999998019 -99.9999999997936 -99.9999999997909 -99.9999999997942 -99.9999999998034 -99.999999999818 -99.9999999998373 -99.9999999998601 -99.9999999998852 -99.999999999911 -99.999999999936 -99.9999999999585 -99.9999999999773 -99.9999999999909 -99.9999999999985 -99.9999999999996 -99.999999999994 -99.9999999999818 -99.999999999964 -99.9999999999413 -99.9999999999152 -99.9999999998874 -99.9999999998593 -99.9999999998329 -99.9999999998097 -99.9999999997911 -99.9999999997782 -99.9999999997718 -99.9999999997723 -99.9999999997795 -99.999999999793 -99.9999999998119 -99.999999999835 -99.9999999998608 -99.9999999998878 -99.9999999999145 -99.9999999999393 -99.9999999999609 -99.9999999999783 -99.9999999999907 -99.999999999998 -100 -99.9999999999972 -99.9999999999905 -99.9999999999807 -99.9999999999691 -99.9999999999569 -99.9999999999453 -99.9999999999354 -99.9999999999281 -99.9999999999241 -99.9999999999237 -99.9999999999268 -99.9999999999331 -99.999999999942 -99.9999999999527 -99.9999999999642 -99.9999999999754 -99.9999999999854 -99.9999999999933 -99.9999999999983 -100]
