# 3D Scattering Centers Reconstruction
# Model: rocket
# Reference point: [0.0000, 0.0000, 0.9500] m
# Center angles (deg): 0   15   30   45   60   75   90  105  120  135  150  165  180  195  210  225  240  255  270  285  300  315  330  345  360
# Aperture: 10.0 deg
# Total centers: 750
#
# Columns: x(m)  y(m)  z(m)  amplitude  source_theta(deg)
  -0.050756  0.000000  2.900000  2.771100e+01  0.0
  0.050756  0.000000  2.900000  1.720847e+01  0.0
  -0.050756  0.000000  2.900000  2.771100e+01  0.0
  -0.101512  0.000000  2.887500  1.796893e+01  0.0
  0.000000  0.000000  2.912500  2.042594e+01  0.0
  -0.050756  0.000000  2.900000  2.771100e+01  0.0
  -0.152268  0.000000  2.900000  1.060028e+01  0.0
  -0.050756  0.000000  2.900000  2.771100e+01  0.0
  0.050756  0.000000  2.900000  1.720847e+01  0.0
  -0.050756  0.000000  2.900000  2.771100e+01  0.0
  -0.152268  0.000000  2.900000  1.060028e+01  0.0
  -0.050756  0.000000  2.900000  2.771100e+01  0.0
  0.050756  0.000000  2.900000  1.720847e+01  0.0
  -0.050756  0.000000  2.900000  2.771100e+01  0.0
  -0.152268  0.000000  2.900000  1.060028e+01  0.0
  -0.050756  0.000000  2.900000  2.771100e+01  0.0
  0.050756  0.000000  2.900000  1.720847e+01  0.0
  -0.050756  0.000000  2.900000  2.771100e+01  0.0
  -0.152268  0.000000  2.900000  1.060028e+01  0.0
  -0.050756  0.000000  2.900000  2.771100e+01  0.0
  0.050756  0.000000  2.900000  1.720847e+01  0.0
  -0.050756  0.000000  2.900000  2.771100e+01  0.0
  -0.152268  0.000000  2.900000  1.060028e+01  0.0
  -0.050756  0.000000  2.900000  2.771100e+01  0.0
  0.050756  0.000000  2.900000  1.720847e+01  0.0
  -0.050756  0.000000  2.900000  2.771100e+01  0.0
  -0.152268  0.000000  2.900000  1.060028e+01  0.0
  -0.050756  0.000000  2.900000  2.771100e+01  0.0
  0.050756  0.000000  2.900000  1.720847e+01  0.0
  0.304535  0.000000  2.900000  3.866978e-01  0.0
  0.316256  0.000000  2.826974  3.293333e+01  15.0
  0.370950  0.000000  2.825259  3.192046e+01  15.0
  0.261562  0.000000  2.828688  2.740263e+01  15.0
  0.316256  0.000000  2.826974  3.293333e+01  15.0
  0.425645  0.000000  2.823545  2.442277e+01  15.0
  0.370950  0.000000  2.825259  3.192046e+01  15.0
  0.264797  0.000000  2.840762  2.906987e+01  15.0
  0.210103  0.000000  2.842476  2.248662e+01  15.0
  0.319491  0.000000  2.839048  3.050989e+01  15.0
  0.264797  0.000000  2.840762  2.906987e+01  15.0
  0.422409  0.000000  2.811471  2.893561e+01  15.0
  0.367715  0.000000  2.813185  3.251842e+01  15.0
  0.470633  0.000000  2.785608  2.074402e+01  15.0
  0.206867  0.000000  2.830402  1.858832e+01  15.0
  0.261562  0.000000  2.828688  2.740263e+01  15.0
  0.316256  0.000000  2.826974  3.293333e+01  15.0
  0.419174  0.000000  2.799397  2.792656e+01  15.0
  0.525328  0.000000  2.783894  1.463319e+01  15.0
  0.213338  0.000000  2.854551  2.243502e+01  15.0
  0.316256  0.000000  2.826974  3.293333e+01  15.0
  0.419174  0.000000  2.799397  2.792656e+01  15.0
  0.522092  0.000000  2.771820  1.313399e+01  15.0
  0.313021  0.000000  2.814900  2.931920e+01  15.0
  0.367715  0.000000  2.813185  3.251842e+01  15.0
  0.422409  0.000000  2.811471  2.893561e+01  15.0
  0.210103  0.000000  2.842476  2.248662e+01  15.0
  0.264797  0.000000  2.840762  2.906987e+01  15.0
  0.367715  0.000000  2.813185  3.251842e+01  15.0
  0.313021  0.000000  2.814900  2.931920e+01  15.0
  0.261562  0.000000  2.828688  2.740263e+01  15.0
  0.629083  0.000000  2.581285  2.055679e+01  30.0
  0.576696  0.000000  2.597097  1.967375e+01  30.0
  0.524309  0.000000  2.612909  1.743415e+01  30.0
  0.681470  0.000000  2.565473  1.974531e+01  30.0
  0.629083  0.000000  2.581285  2.055679e+01  30.0
  0.576696  0.000000  2.597097  1.967375e+01  30.0
  0.733857  0.000000  2.549661  1.733429e+01  30.0
  0.681470  0.000000  2.565473  1.974531e+01  30.0
  0.629083  0.000000  2.581285  2.055679e+01  30.0
  0.530559  0.000000  2.623734  1.867544e+01  30.0
  0.582946  0.000000  2.607922  2.026497e+01  30.0
  0.478172  0.000000  2.639546  1.599394e+01  30.0
  0.530559  0.000000  2.623734  1.867544e+01  30.0
  0.635333  0.000000  2.592111  2.031138e+01  30.0
  0.582946  0.000000  2.607922  2.026497e+01  30.0
  0.715107  0.000000  2.517186  1.630547e+01  30.0
  0.767494  0.000000  2.501374  1.485811e+01  30.0
  0.662720  0.000000  2.532997  1.637226e+01  30.0
  0.715107  0.000000  2.517186  1.630547e+01  30.0
  0.530559  0.000000  2.623734  1.867544e+01  30.0
  0.438285  0.000000  2.677009  1.472717e+01  30.0
  0.622833  0.000000  2.570460  1.967458e+01  30.0
  0.530559  0.000000  2.623734  1.867544e+01  30.0
  0.484422  0.000000  2.650371  1.693769e+01  30.0
  0.576696  0.000000  2.597097  1.967375e+01  30.0
  0.668970  0.000000  2.543823  1.851638e+01  30.0
  0.432035  0.000000  2.666183  1.400374e+01  30.0
  0.484422  0.000000  2.650371  1.693769e+01  30.0
  0.536809  0.000000  2.634560  1.902592e+01  30.0
  0.589196  0.000000  2.618748  1.980944e+01  30.0
  0.766867  0.000000  2.273693  1.398662e+01  45.0
  0.813376  0.000000  2.244861  1.349149e+01  45.0
  0.859886  0.000000  2.216029  1.235073e+01  45.0
  0.749189  0.000000  2.256015  1.357630e+01  45.0
  0.824530  0.000000  2.180674  1.263706e+01  45.0
  0.899871  0.000000  2.105332  1.041243e+01  45.0
  0.758028  0.000000  2.264854  1.395940e+01  45.0
  0.804537  0.000000  2.236022  1.383092e+01  45.0
  0.879878  0.000000  2.160681  1.228139e+01  45.0
  0.955220  0.000000  2.085339  9.660919e+00  45.0
  0.833369  0.000000  2.189512  1.315924e+01  45.0
  0.879878  0.000000  2.160681  1.228139e+01  45.0
  0.935227  0.000000  2.140688  1.046739e+01  45.0
  2.311363  0.000000  0.729196  1.392484e+01  45.0
  2.264854  0.000000  0.758028  1.366473e+01  45.0
  2.218344  0.000000  0.786860  1.309365e+01  45.0
  2.171835  0.000000  0.815691  1.231955e+01  45.0
  2.125325  0.000000  0.844523  1.125937e+01  45.0
  2.329041  0.000000  0.746874  1.307109e+01  45.0
  2.282531  0.000000  0.775705  1.356348e+01  45.0
  2.236022  0.000000  0.804537  1.359751e+01  45.0
  2.189512  0.000000  0.833369  1.324132e+01  45.0
  2.143003  0.000000  0.862201  1.249965e+01  45.0
  2.134164  0.000000  0.853362  1.202669e+01  45.0
  2.180674  0.000000  0.824530  1.294403e+01  45.0
  2.227183  0.000000  0.795698  1.352958e+01  45.0
  2.273693  0.000000  0.766867  1.380448e+01  45.0
  2.320202  0.000000  0.738035  1.368736e+01  45.0
  2.087655  0.000000  0.882194  1.071855e+01  45.0
  2.096494  0.000000  0.891033  1.134238e+01  45.0
  0.831247  0.000000  1.710239  1.108519e+01  60.0
  0.868709  0.000000  1.670352  1.037589e+01  60.0
  0.906172  0.000000  1.630465  9.183105e+00  60.0
  0.852897  0.000000  1.722739  1.059487e+01  60.0
  1.912545  0.000000  -0.187626  1.095106e+01  60.0
  1.875083  0.000000  -0.147739  9.911841e+00  60.0
  1.837620  0.000000  -0.107852  8.503870e+00  60.0
  1.800158  0.000000  -0.067965  7.659058e+00  60.0
  1.816822  0.000000  0.003172  9.818561e+00  60.0
  1.779359  0.000000  0.043059  9.720514e+00  60.0
  1.854284  0.000000  -0.036715  9.674661e+00  60.0
  1.891747  0.000000  -0.076602  9.684906e+00  60.0
  1.816822  0.000000  0.003172  9.818561e+00  60.0
  1.854284  0.000000  -0.036715  9.674661e+00  60.0
  1.929209  0.000000  -0.116489  9.774057e+00  60.0
  1.891747  0.000000  -0.076602  9.684906e+00  60.0
  1.934196  0.000000  -0.175126  1.074467e+01  60.0
  1.896733  0.000000  -0.135239  1.017130e+01  60.0
  1.859271  0.000000  -0.095352  9.293964e+00  60.0
  1.805997  0.000000  -0.003078  9.742157e+00  60.0
  1.752722  0.000000  0.089196  9.028765e+00  60.0
  1.843459  0.000000  -0.042965  9.619053e+00  60.0
  1.790185  0.000000  0.049309  9.673873e+00  60.0
  1.896733  0.000000  -0.135239  1.017130e+01  60.0
  1.827647  0.000000  0.009422  9.715751e+00  60.0
  1.865110  0.000000  -0.030465  9.538953e+00  60.0
  1.934196  0.000000  -0.175126  1.074467e+01  60.0
  1.811835  0.000000  0.061809  9.646226e+00  60.0
  1.758561  0.000000  0.154083  9.193268e+00  60.0
  1.705287  0.000000  0.246357  8.581990e+00  60.0
  0.541545  0.000000  -0.185815  2.179938e+02  75.0
  0.567408  0.000000  -0.234039  2.107236e+02  75.0
  0.513968  0.000000  -0.082897  2.117169e+02  75.0
  0.594985  0.000000  -0.336957  2.022208e+02  75.0
  0.539831  0.000000  -0.131121  2.050842e+02  75.0
  0.622561  0.000000  -0.439875  1.729957e+02  75.0
  0.569122  0.000000  -0.288733  2.086356e+02  75.0
  0.500180  0.000000  -0.031438  1.947476e+02  75.0
  0.527757  0.000000  -0.134356  2.169592e+02  75.0
  0.596699  0.000000  -0.391652  1.825098e+02  75.0
  0.486392  0.000000  0.020021  1.557798e+02  75.0
  0.512254  0.000000  -0.028203  1.911325e+02  75.0
  0.648424  0.000000  -0.488099  1.314083e+02  75.0
  0.622561  0.000000  -0.439875  1.729957e+02  75.0
  0.553619  0.000000  -0.182580  2.087964e+02  75.0
  0.594985  0.000000  -0.336957  2.022208e+02  75.0
  0.620847  0.000000  -0.385181  1.492301e+02  75.0
  0.662212  0.000000  -0.539558  1.156670e+02  75.0
  0.636350  0.000000  -0.491335  1.526056e+02  75.0
  0.569122  0.000000  -0.288733  2.086356e+02  75.0
  0.594985  0.000000  -0.336957  2.022208e+02  75.0
  0.472603  0.000000  0.071480  9.970159e+01  75.0
  0.500180  0.000000  -0.031438  1.947476e+02  75.0
  0.526043  0.000000  -0.079662  2.019787e+02  75.0
  0.498466  0.000000  0.023256  1.577806e+02  75.0
  0.567408  0.000000  -0.234039  2.107236e+02  75.0
  0.541545  0.000000  -0.185815  2.179938e+02  75.0
  0.472603  0.000000  0.071480  9.970159e+01  75.0
  0.688075  0.000000  -0.587782  7.717850e+01  75.0
  0.662212  0.000000  -0.539558  1.156670e+02  75.0
  0.500000  0.000000  0.266372  2.643752e+02  90.0
  0.500000  0.000000  0.372920  2.634794e+02  90.0
  0.500000  0.000000  0.479469  2.625709e+02  90.0
  0.500000  0.000000  0.586018  2.568024e+02  90.0
  0.500000  0.000000  0.692567  2.455946e+02  90.0
  0.500000  0.000000  0.799115  2.277762e+02  90.0
  0.500000  0.000000  0.159823  2.595195e+02  90.0
  0.500000  0.000000  0.905664  2.042619e+02  90.0
  0.500000  0.000000  0.266372  2.643752e+02  90.0
  0.500000  0.000000  0.372920  2.634794e+02  90.0
  0.500000  0.000000  0.479469  2.625709e+02  90.0
  0.500000  0.000000  0.586018  2.568024e+02  90.0
  0.500000  0.000000  0.692567  2.455946e+02  90.0
  0.500000  0.000000  0.799115  2.277762e+02  90.0
  0.500000  0.000000  0.586018  2.568024e+02  90.0
  0.500000  0.000000  0.479469  2.625709e+02  90.0
  0.500000  0.000000  0.372920  2.634794e+02  90.0
  0.500000  0.000000  0.266372  2.643752e+02  90.0
  0.500000  0.000000  0.692567  2.455946e+02  90.0
  0.500000  0.000000  0.586018  2.568024e+02  90.0
  0.500000  0.000000  0.479469  2.625709e+02  90.0
  0.500000  0.000000  0.372920  2.634794e+02  90.0
  0.500000  0.000000  0.159823  2.595195e+02  90.0
  0.500000  0.000000  0.266372  2.643752e+02  90.0
  0.500000  0.000000  0.053274  1.969420e+02  90.0
  0.500000  0.000000  0.159823  2.595195e+02  90.0
  0.500000  0.000000  0.372920  2.634794e+02  90.0
  0.500000  0.000000  0.266372  2.643752e+02  90.0
  0.500000  0.000000  0.479469  2.625709e+02  90.0
  0.500000  0.000000  0.586018  2.568024e+02  90.0
  0.484677  0.000000  -0.074715  8.198299e+00  105.0
  0.486392  0.000000  -0.020021  7.213198e+00  105.0
  0.472603  0.000000  -0.071480  7.411207e+00  105.0
  0.470889  0.000000  -0.126174  5.822220e+00  105.0
  0.498466  0.000000  -0.023256  7.912035e+00  105.0
  0.500180  0.000000  0.031438  4.759272e+00  105.0
  0.484677  0.000000  -0.074715  8.198299e+00  105.0
  0.486392  0.000000  -0.020021  7.213198e+00  105.0
  0.482963  0.000000  -0.129410  4.376305e+00  105.0
  0.484677  0.000000  -0.074715  8.198299e+00  105.0
  0.488106  0.000000  0.034673  2.692836e+00  105.0
  0.486392  0.000000  -0.020021  7.213198e+00  105.0
  0.498466  0.000000  -0.023256  7.912035e+00  105.0
  0.500180  0.000000  0.031438  4.759272e+00  105.0
  0.496751  0.000000  -0.077950  5.976485e+00  105.0
  0.498466  0.000000  -0.023256  7.912035e+00  105.0
  0.484677  0.000000  -0.074715  8.198299e+00  105.0
  0.482963  0.000000  -0.129410  4.376305e+00  105.0
  0.512254  0.000000  0.028203  5.226822e+00  105.0
  0.513968  0.000000  0.082897  2.000911e+00  105.0
  0.486392  0.000000  -0.020021  7.213198e+00  105.0
  0.484677  0.000000  -0.074715  8.198299e+00  105.0
  0.457100  0.000000  -0.177633  2.608761e+00  105.0
  0.455386  0.000000  -0.232328  4.035154e-01  105.0
  0.470889  0.000000  -0.126174  5.822220e+00  105.0
  0.498466  0.000000  -0.023256  7.912035e+00  105.0
  0.500180  0.000000  0.031438  4.759272e+00  105.0
  0.501894  0.000000  0.086132  1.149420e+00  105.0
  0.472603  0.000000  -0.071480  7.411207e+00  105.0
  0.500180  0.000000  0.031438  4.759272e+00  105.0
  0.906045  0.000000  -0.830685  5.996335e+00  120.0
  0.921856  0.000000  -0.778298  5.267225e+00  120.0
  0.879407  0.000000  -0.876822  5.310367e+00  120.0
  0.895219  0.000000  -0.824435  5.981704e+00  120.0
  0.948494  0.000000  -0.732161  3.680511e+00  120.0
  0.932682  0.000000  -0.784548  5.461614e+00  120.0
  0.879407  0.000000  -0.876822  5.310367e+00  120.0
  0.863596  0.000000  -0.929209  2.771056e+00  120.0
  0.906045  0.000000  -0.830685  5.996335e+00  120.0
  0.890233  0.000000  -0.883072  3.945780e+00  120.0
  0.959319  0.000000  -0.738411  3.948951e+00  120.0
  0.906045  0.000000  -0.830685  5.996335e+00  120.0
  0.852770  0.000000  -0.922959  3.818633e+00  120.0
  0.932682  0.000000  -0.784548  5.461614e+00  120.0
  0.879407  0.000000  -0.876822  5.310367e+00  120.0
  0.826133  0.000000  -0.969096  2.229066e+00  120.0
  0.906045  0.000000  -0.830685  5.996335e+00  120.0
  0.921856  0.000000  -0.778298  5.267225e+00  120.0
  0.975131  0.000000  -0.686024  1.975870e+00  120.0
  0.879407  0.000000  -0.876822  5.310367e+00  120.0
  0.895219  0.000000  -0.824435  5.981704e+00  120.0
  0.948494  0.000000  -0.732161  3.680511e+00  120.0
  0.932682  0.000000  -0.784548  5.461614e+00  120.0
  0.868582  0.000000  -0.870572  5.486345e+00  120.0
  0.852770  0.000000  -0.922959  3.818633e+00  120.0
  0.836958  0.000000  -0.975346  1.591656e+00  120.0
  0.916870  0.000000  -0.836935  4.621595e+00  120.0
  0.863596  0.000000  -0.929209  2.771056e+00  120.0
  0.879407  0.000000  -0.876822  5.310367e+00  120.0
  0.906045  0.000000  -0.830685  5.996335e+00  120.0
  0.826220  0.000000  -0.976902  8.447711e+00  135.0
  0.855052  0.000000  -0.930393  7.207395e+00  135.0
  0.863890  0.000000  -0.939232  8.402136e+00  135.0
  0.835059  0.000000  -0.985741  6.480113e+00  135.0
  0.892722  0.000000  -0.892722  4.892272e+00  135.0
  0.863890  0.000000  -0.939232  8.402136e+00  135.0
  0.826220  0.000000  -0.976902  8.447711e+00  135.0
  0.797388  0.000000  -1.023412  4.540143e+00  135.0
  0.901561  0.000000  -0.901561  5.919647e+00  135.0
  0.826220  0.000000  -0.976902  8.447711e+00  135.0
  0.863890  0.000000  -0.939232  8.402136e+00  135.0
  0.788549  0.000000  -1.014573  6.017633e+00  135.0
  0.939232  0.000000  -0.863890  2.870768e+00  135.0
  0.863890  0.000000  -0.939232  8.402136e+00  135.0
  0.826220  0.000000  -0.976902  8.447711e+00  135.0
  0.901561  0.000000  -0.901561  5.919647e+00  135.0
  0.750879  0.000000  -1.052244  2.971153e+00  135.0
  0.826220  0.000000  -0.976902  8.447711e+00  135.0
  0.863890  0.000000  -0.939232  8.402136e+00  135.0
  0.788549  0.000000  -1.014573  6.017633e+00  135.0
  0.759717  0.000000  -1.061083  2.214452e+00  135.0
  0.835059  0.000000  -0.985741  6.480113e+00  135.0
  0.863890  0.000000  -0.939232  8.402136e+00  135.0
  0.892722  0.000000  -0.892722  4.892272e+00  135.0
  0.855052  0.000000  -0.930393  7.207395e+00  135.0
  0.930393  0.000000  -0.855052  2.207962e+00  135.0
  0.826220  0.000000  -0.976902  8.447711e+00  135.0
  0.901561  0.000000  -0.901561  5.919647e+00  135.0
  0.797388  0.000000  -1.023412  4.540143e+00  135.0
  0.872729  0.000000  -0.948071  6.635236e+00  135.0
  0.723524  0.000000  -1.040083  1.293279e+01  150.0
  0.683637  0.000000  -1.077545  9.927925e+00  150.0
  0.769661  0.000000  -1.013446  1.154074e+01  150.0
  0.729774  0.000000  -1.050908  1.188780e+01  150.0
  0.763411  0.000000  -1.002620  8.714868e+00  150.0
  0.723524  0.000000  -1.040083  1.293279e+01  150.0
  0.683637  0.000000  -1.077545  9.927925e+00  150.0
  0.643750  0.000000  -1.115008  4.188766e+00  150.0
  0.769661  0.000000  -1.013446  1.154074e+01  150.0
  0.809548  0.000000  -0.975983  5.823315e+00  150.0
  0.729774  0.000000  -1.050908  1.188780e+01  150.0
  0.769661  0.000000  -1.013446  1.154074e+01  150.0
  0.723524  0.000000  -1.040083  1.293279e+01  150.0
  0.815798  0.000000  -0.986808  7.434374e+00  150.0
  0.683637  0.000000  -1.077545  9.927925e+00  150.0
  0.775911  0.000000  -1.024271  1.031451e+01  150.0
  0.677387  0.000000  -1.066720  1.041534e+01  150.0
  0.769661  0.000000  -1.013446  1.154074e+01  150.0
  0.815798  0.000000  -0.986808  7.434374e+00  150.0
  0.723524  0.000000  -1.040083  1.293279e+01  150.0
  0.855685  0.000000  -0.949346  2.927077e+00  150.0
  0.763411  0.000000  -1.002620  8.714868e+00  150.0
  0.637500  0.000000  -1.104182  5.900998e+00  150.0
  0.677387  0.000000  -1.066720  1.041534e+01  150.0
  0.717274  0.000000  -1.029257  9.581495e+00  150.0
  0.809548  0.000000  -0.975983  5.823315e+00  150.0
  0.769661  0.000000  -1.013446  1.154074e+01  150.0
  0.723524  0.000000  -1.040083  1.293279e+01  150.0
  0.815798  0.000000  -0.986808  7.434374e+00  150.0
  0.631250  0.000000  -1.093357  5.867729e+00  150.0
  0.387619  0.000000  -1.034942  2.664182e+01  165.0
  0.435843  0.000000  -1.009079  2.538886e+01  165.0
  0.561408  0.000000  -1.066021  2.538097e+01  165.0
  0.609632  0.000000  -1.040158  2.540627e+01  165.0
  0.657855  0.000000  -1.014296  1.808104e+01  165.0
  0.384384  0.000000  -1.022868  2.485712e+01  165.0
  0.336160  0.000000  -1.048730  1.911329e+01  165.0
  0.487302  0.000000  -0.995291  1.885467e+01  165.0
  0.439078  0.000000  -1.021153  2.608659e+01  165.0
  0.364363  0.000000  -0.536476  2.479454e+01  165.0
  0.412587  0.000000  -0.510613  1.965498e+01  165.0
  0.316139  0.000000  -0.562338  1.858642e+01  165.0
  0.364363  0.000000  -0.536476  2.479454e+01  165.0
  0.661091  0.000000  -1.026370  2.209295e+01  165.0
  0.612867  0.000000  -1.052232  2.570164e+01  165.0
  0.564643  0.000000  -1.078095  2.128301e+01  165.0
  0.709314  0.000000  -1.000507  1.390239e+01  165.0
  0.661091  0.000000  -1.026370  2.209295e+01  165.0
  0.612867  0.000000  -1.052232  2.570164e+01  165.0
  0.509949  0.000000  -1.079809  2.042781e+01  165.0
  0.558172  0.000000  -1.053947  2.435544e+01  165.0
  0.609632  0.000000  -1.040158  2.540627e+01  165.0
  0.661091  0.000000  -1.026370  2.209295e+01  165.0
  0.712550  0.000000  -1.012581  1.607137e+01  165.0
  0.387619  0.000000  -1.034942  2.664182e+01  165.0
  0.435843  0.000000  -1.009079  2.538886e+01  165.0
  0.484067  0.000000  -0.983217  1.329702e+01  165.0
  0.506713  0.000000  -1.067735  1.924123e+01  165.0
  0.609632  0.000000  -1.040158  2.540627e+01  165.0
  0.558172  0.000000  -1.053947  2.435544e+01  165.0
  0.000000  0.000000  -0.500000  1.941442e+03  180.0
  0.106549  0.000000  -0.500000  1.740772e+03  180.0
  -0.106549  0.000000  -0.500000  1.740772e+03  180.0
  0.000000  0.000000  -0.500000  1.941442e+03  180.0
  -0.213097  0.000000  -0.500000  1.176825e+03  180.0
  -0.106549  0.000000  -0.500000  1.740772e+03  180.0
  0.106549  0.000000  -0.500000  1.740772e+03  180.0
  0.213097  0.000000  -0.500000  1.176825e+03  180.0
  0.000000  0.000000  -0.500000  1.941442e+03  180.0
  0.106549  0.000000  -0.500000  1.740772e+03  180.0
  -0.106549  0.000000  -0.500000  1.740772e+03  180.0
  0.000000  0.000000  -0.500000  1.941442e+03  180.0
  -0.213097  0.000000  -0.500000  1.176825e+03  180.0
  -0.106549  0.000000  -0.500000  1.740772e+03  180.0
  -0.159823  0.000000  -0.512500  1.258148e+03  180.0
  -0.319646  0.000000  -0.500000  5.228228e+02  180.0
  -0.053274  0.000000  -0.512500  1.573678e+03  180.0
  0.000000  0.000000  -0.500000  1.941442e+03  180.0
  0.053274  0.000000  -0.487500  1.512486e+03  180.0
  0.159823  0.000000  -0.487500  1.217887e+03  180.0
  0.106549  0.000000  -0.500000  1.740772e+03  180.0
  0.000000  0.000000  -0.500000  1.941442e+03  180.0
  -0.106549  0.000000  -0.500000  1.740772e+03  180.0
  -0.213097  0.000000  -0.500000  1.176825e+03  180.0
  0.053274  0.000000  -0.500000  1.891456e+03  180.0
  -0.053274  0.000000  -0.500000  1.891456e+03  180.0
  0.159823  0.000000  -0.500000  1.494471e+03  180.0
  -0.159823  0.000000  -0.500000  1.494471e+03  180.0
  0.053274  0.000000  -0.500000  1.891456e+03  180.0
  -0.053274  0.000000  -0.500000  1.891456e+03  180.0
  -0.387619  0.000000  -1.034942  2.664379e+01  195.0
  -0.439078  0.000000  -1.021153  2.608912e+01  195.0
  -0.384384  0.000000  -1.022868  2.485947e+01  195.0
  -0.612867  0.000000  -1.052232  2.570481e+01  195.0
  -0.558172  0.000000  -1.053947  2.435264e+01  195.0
  -0.667561  0.000000  -1.050518  1.667933e+01  195.0
  -0.612867  0.000000  -1.052232  2.570481e+01  195.0
  -0.509949  0.000000  -1.079809  2.042589e+01  195.0
  -0.455254  0.000000  -1.081524  1.228564e+01  195.0
  -0.561408  0.000000  -1.066021  2.538188e+01  195.0
  -0.664326  0.000000  -1.038444  2.150815e+01  195.0
  -0.364363  0.000000  -0.536476  2.479498e+01  195.0
  -0.309669  0.000000  -0.538190  2.026989e+01  195.0
  -0.419057  0.000000  -0.534762  1.633929e+01  195.0
  -0.364363  0.000000  -0.536476  2.479498e+01  195.0
  -0.609632  0.000000  -1.040158  2.540956e+01  195.0
  -0.506713  0.000000  -1.067735  1.923629e+01  195.0
  -0.439078  0.000000  -1.021153  2.608912e+01  195.0
  -0.493772  0.000000  -1.019439  9.804275e+00  195.0
  -0.336160  0.000000  -1.048730  1.911397e+01  195.0
  -0.439078  0.000000  -1.021153  2.608912e+01  195.0
  -0.435843  0.000000  -1.009079  2.539150e+01  195.0
  -0.490537  0.000000  -1.007365  1.810486e+01  195.0
  -0.332925  0.000000  -1.036656  1.732066e+01  195.0
  -0.387619  0.000000  -1.034942  2.664379e+01  195.0
  -0.561408  0.000000  -1.066021  2.538188e+01  195.0
  -0.664326  0.000000  -1.038444  2.150815e+01  195.0
  -0.719020  0.000000  -1.036730  1.125059e+01  195.0
  -0.616102  0.000000  -1.064306  2.065304e+01  195.0
  -0.561408  0.000000  -1.066021  2.538188e+01  195.0
  -0.723524  0.000000  -1.040083  1.293696e+01  210.0
  -0.775911  0.000000  -1.024271  1.031516e+01  210.0
  -0.677387  0.000000  -1.066720  1.042051e+01  210.0
  -0.729774  0.000000  -1.050908  1.188999e+01  210.0
  -0.822048  0.000000  -0.997634  6.444780e+00  210.0
  -0.769661  0.000000  -1.013446  1.154272e+01  210.0
  -0.677387  0.000000  -1.066720  1.042051e+01  210.0
  -0.723524  0.000000  -1.040083  1.293696e+01  210.0
  -0.631250  0.000000  -1.093357  5.871902e+00  210.0
  -0.775911  0.000000  -1.024271  1.031516e+01  210.0
  -0.683637  0.000000  -1.077545  9.931102e+00  210.0
  -0.729774  0.000000  -1.050908  1.188999e+01  210.0
  -0.677387  0.000000  -1.066720  1.042051e+01  210.0
  -0.625000  0.000000  -1.082532  4.176841e+00  210.0
  -0.822048  0.000000  -0.997634  6.444780e+00  210.0
  -0.769661  0.000000  -1.013446  1.154272e+01  210.0
  -0.717274  0.000000  -1.029257  9.587747e+00  210.0
  -0.723524  0.000000  -1.040083  1.293696e+01  210.0
  -0.775911  0.000000  -1.024271  1.031516e+01  210.0
  -0.828298  0.000000  -1.008459  3.688035e+00  210.0
  -0.671137  0.000000  -1.055895  7.600637e+00  210.0
  -0.723524  0.000000  -1.040083  1.293696e+01  210.0
  -0.775911  0.000000  -1.024271  1.031516e+01  210.0
  -0.868185  0.000000  -0.970997  2.865505e+00  210.0
  -0.436024  0.000000  -0.542118  9.142974e+00  210.0
  -0.383637  0.000000  -0.557930  7.261889e+00  210.0
  -0.510113  0.000000  -0.990090  9.247104e+00  210.0
  -0.562500  0.000000  -0.974279  8.170323e+00  210.0
  -0.769661  0.000000  -1.013446  1.154272e+01  210.0
  -0.822048  0.000000  -0.997634  6.444780e+00  210.0
  -0.826220  0.000000  -0.976902  8.444169e+00  225.0
  -0.872729  0.000000  -0.948071  6.634792e+00  225.0
  -0.779710  0.000000  -1.005734  5.339107e+00  225.0
  -0.826220  0.000000  -0.976902  8.444169e+00  225.0
  -0.863890  0.000000  -0.939232  8.399166e+00  225.0
  -0.817381  0.000000  -0.968064  7.384387e+00  225.0
  -0.910400  0.000000  -0.910400  4.907042e+00  225.0
  -0.863890  0.000000  -0.939232  8.399166e+00  225.0
  -0.788549  0.000000  -1.014573  6.014593e+00  225.0
  -0.742040  0.000000  -1.043405  2.708033e+00  225.0
  -0.826220  0.000000  -0.976902  8.444169e+00  225.0
  -0.779710  0.000000  -1.005734  5.339107e+00  225.0
  -0.901561  0.000000  -0.901561  5.917793e+00  225.0
  -0.855052  0.000000  -0.930393  7.197152e+00  225.0
  -0.817381  0.000000  -0.968064  7.384387e+00  225.0
  -0.863890  0.000000  -0.939232  8.399166e+00  225.0
  -0.910400  0.000000  -0.910400  4.907042e+00  225.0
  -0.788549  0.000000  -1.014573  6.014593e+00  225.0
  -0.742040  0.000000  -1.043405  2.708033e+00  225.0
  -0.863890  0.000000  -0.939232  8.399166e+00  225.0
  -0.817381  0.000000  -0.968064  7.384387e+00  225.0
  -0.779710  0.000000  -1.005734  5.339107e+00  225.0
  -0.826220  0.000000  -0.976902  8.444169e+00  225.0
  -0.901561  0.000000  -0.901561  5.917793e+00  225.0
  -0.948071  0.000000  -0.872729  2.571371e+00  225.0
  -0.863890  0.000000  -0.939232  8.399166e+00  225.0
  -0.788549  0.000000  -1.014573  6.014593e+00  225.0
  -0.826220  0.000000  -0.976902  8.444169e+00  225.0
  -0.750879  0.000000  -1.052244  2.969347e+00  225.0
  -0.901561  0.000000  -0.901561  5.917793e+00  225.0
  -0.906045  0.000000  -0.830685  5.987119e+00  240.0
  -0.868582  0.000000  -0.870572  5.471001e+00  240.0
  -0.943507  0.000000  -0.790798  4.435282e+00  240.0
  -0.906045  0.000000  -0.830685  5.987119e+00  240.0
  -0.831120  0.000000  -0.910459  3.425636e+00  240.0
  -0.868582  0.000000  -0.870572  5.471001e+00  240.0
  -0.895219  0.000000  -0.824435  5.963908e+00  240.0
  -0.932682  0.000000  -0.784548  5.454777e+00  240.0
  -0.857757  0.000000  -0.864322  4.378528e+00  240.0
  -0.895219  0.000000  -0.824435  5.963908e+00  240.0
  -0.841945  0.000000  -0.916709  4.091137e+00  240.0
  -0.948494  0.000000  -0.732161  3.677948e+00  240.0
  -0.895219  0.000000  -0.824435  5.963908e+00  240.0
  -0.868582  0.000000  -0.870572  5.471001e+00  240.0
  -0.921856  0.000000  -0.778298  5.255088e+00  240.0
  -0.959319  0.000000  -0.738411  3.946623e+00  240.0
  -0.815308  0.000000  -0.962846  2.495888e+00  240.0
  -0.906045  0.000000  -0.830685  5.987119e+00  240.0
  -0.868582  0.000000  -0.870572  5.471001e+00  240.0
  -0.831120  0.000000  -0.910459  3.425636e+00  240.0
  -0.921856  0.000000  -0.778298  5.255088e+00  240.0
  -0.868582  0.000000  -0.870572  5.471001e+00  240.0
  -0.895219  0.000000  -0.824435  5.963908e+00  240.0
  -0.841945  0.000000  -0.916709  4.091137e+00  240.0
  -0.804482  0.000000  -0.956596  2.230463e+00  240.0
  -0.948494  0.000000  -0.732161  3.677948e+00  240.0
  -0.985956  0.000000  -0.692274  2.200414e+00  240.0
  -0.879407  0.000000  -0.876822  5.302490e+00  240.0
  -0.932682  0.000000  -0.784548  5.454777e+00  240.0
  -0.841945  0.000000  -0.916709  4.091137e+00  240.0
  -0.484677  0.000000  -0.074715  8.168804e+00  255.0
  -0.498466  0.000000  -0.023256  7.880717e+00  255.0
  -0.472603  0.000000  -0.071480  7.413831e+00  255.0
  -0.458815  0.000000  -0.122939  5.186654e+00  255.0
  -0.486392  0.000000  -0.020021  7.192605e+00  255.0
  -0.512254  0.000000  0.028203  5.212032e+00  255.0
  -0.484677  0.000000  -0.074715  8.168804e+00  255.0
  -0.470889  0.000000  -0.126174  5.829224e+00  255.0
  -0.498466  0.000000  -0.023256  7.880717e+00  255.0
  -0.524328  0.000000  0.024968  3.734987e+00  255.0
  -0.472603  0.000000  -0.071480  7.413831e+00  255.0
  -0.498466  0.000000  -0.023256  7.880717e+00  255.0
  -0.484677  0.000000  -0.074715  8.168804e+00  255.0
  -0.458815  0.000000  -0.122939  5.186654e+00  255.0
  -0.512254  0.000000  0.028203  5.212032e+00  255.0
  -0.486392  0.000000  -0.020021  7.192605e+00  255.0
  -0.472603  0.000000  -0.071480  7.413831e+00  255.0
  -0.498466  0.000000  -0.023256  7.880717e+00  255.0
  -0.445026  0.000000  -0.174398  2.249680e+00  255.0
  -0.470889  0.000000  -0.126174  5.829224e+00  255.0
  -0.484677  0.000000  -0.074715  8.168804e+00  255.0
  -0.458815  0.000000  -0.122939  5.186654e+00  255.0
  -0.512254  0.000000  0.028203  5.212032e+00  255.0
  -0.538117  0.000000  0.076427  1.601537e+00  255.0
  -0.498466  0.000000  -0.023256  7.880717e+00  255.0
  -0.484677  0.000000  -0.074715  8.168804e+00  255.0
  -0.510540  0.000000  -0.026491  5.648085e+00  255.0
  -0.526043  0.000000  0.079662  2.198457e+00  255.0
  -0.498466  0.000000  -0.023256  7.880717e+00  255.0
  -0.472603  0.000000  -0.071480  7.413831e+00  255.0
  -0.500000  0.000000  0.266372  2.643849e+02  270.0
  -0.500000  0.000000  0.372920  2.634720e+02  270.0
  -0.500000  0.000000  0.479469  2.625803e+02  270.0
  -0.500000  0.000000  0.586018  2.567957e+02  270.0
  -0.500000  0.000000  0.692567  2.455941e+02  270.0
  -0.500000  0.000000  0.799115  2.277679e+02  270.0
  -0.500000  0.000000  0.159823  2.595102e+02  270.0
  -0.500000  0.000000  0.905664  2.042688e+02  270.0
  -0.500000  0.000000  0.266372  2.643849e+02  270.0
  -0.500000  0.000000  0.372920  2.634720e+02  270.0
  -0.500000  0.000000  0.479469  2.625803e+02  270.0
  -0.500000  0.000000  0.586018  2.567957e+02  270.0
  -0.500000  0.000000  0.692567  2.455941e+02  270.0
  -0.500000  0.000000  0.799115  2.277679e+02  270.0
  -0.500000  0.000000  0.586018  2.567957e+02  270.0
  -0.500000  0.000000  0.479469  2.625803e+02  270.0
  -0.500000  0.000000  0.372920  2.634720e+02  270.0
  -0.500000  0.000000  0.266372  2.643849e+02  270.0
  -0.500000  0.000000  0.692567  2.455941e+02  270.0
  -0.500000  0.000000  0.586018  2.567957e+02  270.0
  -0.500000  0.000000  0.479469  2.625803e+02  270.0
  -0.500000  0.000000  0.372920  2.634720e+02  270.0
  -0.500000  0.000000  0.159823  2.595102e+02  270.0
  -0.500000  0.000000  0.266372  2.643849e+02  270.0
  -0.500000  0.000000  0.053274  1.969498e+02  270.0
  -0.500000  0.000000  0.159823  2.595102e+02  270.0
  -0.500000  0.000000  0.372920  2.634720e+02  270.0
  -0.500000  0.000000  0.266372  2.643849e+02  270.0
  -0.500000  0.000000  0.479469  2.625803e+02  270.0
  -0.500000  0.000000  0.586018  2.567957e+02  270.0
  -0.541545  0.000000  -0.185815  2.179786e+02  285.0
  -0.527757  0.000000  -0.134356  2.169826e+02  285.0
  -0.555334  0.000000  -0.237274  2.151732e+02  285.0
  -0.569122  0.000000  -0.288733  2.085854e+02  285.0
  -0.541545  0.000000  -0.185815  2.179786e+02  285.0
  -0.513968  0.000000  -0.082897  2.117843e+02  285.0
  -0.500180  0.000000  -0.031438  1.948253e+02  285.0
  -0.527757  0.000000  -0.134356  2.169826e+02  285.0
  -0.555334  0.000000  -0.237274  2.151732e+02  285.0
  -0.541545  0.000000  -0.185815  2.179786e+02  285.0
  -0.513968  0.000000  -0.082897  2.117843e+02  285.0
  -0.527757  0.000000  -0.134356  2.169826e+02  285.0
  -0.500180  0.000000  -0.031438  1.948253e+02  285.0
  -0.486392  0.000000  0.020021  1.558122e+02  285.0
  -0.513968  0.000000  -0.082897  2.117843e+02  285.0
  -0.527757  0.000000  -0.134356  2.169826e+02  285.0
  -0.541545  0.000000  -0.185815  2.179786e+02  285.0
  -0.555334  0.000000  -0.237274  2.151732e+02  285.0
  -0.569122  0.000000  -0.288733  2.085854e+02  285.0
  -0.582911  0.000000  -0.340193  1.977619e+02  285.0
  -0.581196  0.000000  -0.285498  2.089201e+02  285.0
  -0.541545  0.000000  -0.185815  2.179786e+02  285.0
  -0.555334  0.000000  -0.237274  2.151732e+02  285.0
  -0.553619  0.000000  -0.182580  2.087454e+02  285.0
  -0.539831  0.000000  -0.131121  2.050409e+02  285.0
  -0.567408  0.000000  -0.234039  2.106692e+02  285.0
  -0.569122  0.000000  -0.288733  2.085854e+02  285.0
  -0.596699  0.000000  -0.391652  1.825441e+02  285.0
  -0.594985  0.000000  -0.336957  2.021648e+02  285.0
  -0.555334  0.000000  -0.237274  2.151732e+02  285.0
  -0.820421  0.000000  1.703989  1.102053e+01  300.0
  -0.804609  0.000000  1.756376  1.089198e+01  300.0
  -0.836233  0.000000  1.651602  9.642150e+00  300.0
  -0.857884  0.000000  1.664102  1.026720e+01  300.0
  -0.911158  0.000000  1.571828  7.578934e+00  300.0
  -0.782959  0.000000  1.743876  1.089435e+01  300.0
  -0.879534  0.000000  1.676602  1.002464e+01  300.0
  -0.863722  0.000000  1.728989  1.007679e+01  300.0
  -0.847911  0.000000  1.781376  9.542011e+00  300.0
  -0.895346  0.000000  1.624215  9.117811e+00  300.0
  -0.879534  0.000000  1.676602  1.002464e+01  300.0
  -0.826260  0.000000  1.768876  1.043779e+01  300.0
  -0.932809  0.000000  1.584328  7.871118e+00  300.0
  -0.842072  0.000000  1.716489  1.084012e+01  300.0
  -0.761308  0.000000  1.731376  1.049143e+01  300.0
  -0.975258  0.000000  1.485804  5.475854e+00  300.0
  -0.901185  0.000000  1.689102  9.140583e+00  300.0
  -0.916997  0.000000  1.636715  8.815400e+00  300.0
  -0.959446  0.000000  1.538191  6.666848e+00  300.0
  -0.863722  0.000000  1.728989  1.007679e+01  300.0
  -1.896733  0.000000  -0.135239  1.010108e+01  300.0
  -1.880922  0.000000  -0.082852  9.608363e+00  300.0
  -1.827647  0.000000  0.009422  9.742669e+00  300.0
  -1.774373  0.000000  0.101696  9.616971e+00  300.0
  -1.758561  0.000000  0.154083  9.521430e+00  300.0
  -1.742749  0.000000  0.206470  9.507740e+00  300.0
  -1.726937  0.000000  0.258857  9.361131e+00  300.0
  -1.711126  0.000000  0.311244  8.653497e+00  300.0
  -1.811835  0.000000  0.061809  9.859454e+00  300.0
  -1.796024  0.000000  0.114196  9.949328e+00  300.0
  -0.766867  0.000000  2.273693  1.376192e+01  315.0
  -0.795698  0.000000  2.227183  1.366857e+01  315.0
  -0.738035  0.000000  2.320202  1.340188e+01  315.0
  -0.824530  0.000000  2.180674  1.250818e+01  315.0
  -0.766867  0.000000  2.273693  1.376192e+01  315.0
  -0.795698  0.000000  2.227183  1.366857e+01  315.0
  -0.871040  0.000000  2.151842  1.195719e+01  315.0
  -0.899871  0.000000  2.105332  1.024689e+01  315.0
  -0.842208  0.000000  2.198351  1.316720e+01  315.0
  -0.766867  0.000000  2.273693  1.376192e+01  315.0
  -0.738035  0.000000  2.320202  1.340188e+01  315.0
  -0.755712  0.000000  2.337880  1.189141e+01  315.0
  -0.813376  0.000000  2.244861  1.334824e+01  315.0
  -0.851047  0.000000  2.207190  1.289017e+01  315.0
  -0.775705  0.000000  2.282531  1.346255e+01  315.0
  -0.926388  0.000000  2.131849  1.079093e+01  315.0
  -0.746874  0.000000  2.329041  1.283747e+01  315.0
  -0.831054  0.000000  2.262538  1.172811e+01  315.0
  -0.897556  0.000000  2.178358  1.148440e+01  315.0
  -0.868724  0.000000  2.224868  1.132035e+01  315.0
  -0.839893  0.000000  2.271377  1.050672e+01  315.0
  -0.758028  0.000000  2.264854  1.374819e+01  315.0
  -0.729196  0.000000  2.311363  1.360786e+01  315.0
  -0.833369  0.000000  2.189512  1.304603e+01  315.0
  -0.804537  0.000000  2.236022  1.369031e+01  315.0
  -0.955220  0.000000  2.085339  9.556788e+00  315.0
  -0.879878  0.000000  2.160681  1.216803e+01  315.0
  -0.975213  0.000000  2.029991  8.201940e+00  315.0
  -0.908710  0.000000  2.114171  1.068628e+01  315.0
  -0.984052  0.000000  2.038830  8.306814e+00  315.0
  -0.629083  0.000000  2.581285  2.053552e+01  330.0
  -0.589196  0.000000  2.618748  1.971267e+01  330.0
  -0.549309  0.000000  2.656210  1.688861e+01  330.0
  -0.668970  0.000000  2.543823  1.847326e+01  330.0
  -0.629083  0.000000  2.581285  2.053552e+01  330.0
  -0.589196  0.000000  2.618748  1.971267e+01  330.0
  -0.496922  0.000000  2.672022  1.637104e+01  330.0
  -0.457035  0.000000  2.709485  1.277716e+01  330.0
  -0.681470  0.000000  2.565473  1.969816e+01  330.0
  -0.721357  0.000000  2.528011  1.762266e+01  330.0
  -0.536809  0.000000  2.634560  1.894891e+01  330.0
  -0.629083  0.000000  2.581285  2.053552e+01  330.0
  -0.496922  0.000000  2.672022  1.637104e+01  330.0
  -0.589196  0.000000  2.618748  1.971267e+01  330.0
  -0.761244  0.000000  2.490548  1.335376e+01  330.0
  -0.721357  0.000000  2.528011  1.762266e+01  330.0
  -0.681470  0.000000  2.565473  1.969816e+01  330.0
  -0.773744  0.000000  2.512199  1.538891e+01  330.0
  -0.813631  0.000000  2.474737  1.167213e+01  330.0
  -0.641583  0.000000  2.602936  1.889881e+01  330.0
  -0.681470  0.000000  2.565473  1.969816e+01  330.0
  -0.721357  0.000000  2.528011  1.762266e+01  330.0
  -0.582946  0.000000  2.607922  2.022112e+01  330.0
  -0.543059  0.000000  2.645385  1.833782e+01  330.0
  -0.503172  0.000000  2.682847  1.499542e+01  330.0
  -0.622833  0.000000  2.570460  1.968397e+01  330.0
  -0.582946  0.000000  2.607922  2.022112e+01  330.0
  -0.543059  0.000000  2.645385  1.833782e+01  330.0
  -0.635333  0.000000  2.592111  2.024224e+01  330.0
  -0.727607  0.000000  2.538836  1.800690e+01  330.0
  -0.316256  0.000000  2.826974  3.292042e+01  345.0
  -0.364480  0.000000  2.801111  2.760042e+01  345.0
  -0.268032  0.000000  2.852836  2.539147e+01  345.0
  -0.316256  0.000000  2.826974  3.292042e+01  345.0
  -0.422409  0.000000  2.811471  2.892336e+01  345.0
  -0.319491  0.000000  2.839048  3.046574e+01  345.0
  -0.367715  0.000000  2.813185  3.251127e+01  345.0
  -0.470633  0.000000  2.785608  2.073697e+01  345.0
  -0.271267  0.000000  2.864910  1.822201e+01  345.0
  -0.319491  0.000000  2.839048  3.046574e+01  345.0
  -0.367715  0.000000  2.813185  3.251127e+01  345.0
  -0.415939  0.000000  2.787323  2.314235e+01  345.0
  -0.370950  0.000000  2.825259  3.189428e+01  345.0
  -0.268032  0.000000  2.852836  2.539147e+01  345.0
  -0.264797  0.000000  2.840762  2.903576e+01  345.0
  -0.216573  0.000000  2.866625  1.857021e+01  345.0
  -0.319491  0.000000  2.839048  3.046574e+01  345.0
  -0.367715  0.000000  2.813185  3.251127e+01  345.0
  -0.473868  0.000000  2.797683  2.245234e+01  345.0
  -0.425645  0.000000  2.823545  2.440667e+01  345.0
  -0.319491  0.000000  2.839048  3.046574e+01  345.0
  -0.370950  0.000000  2.825259  3.189428e+01  345.0
  -0.268032  0.000000  2.852836  2.539147e+01  345.0
  -0.473868  0.000000  2.797683  2.245234e+01  345.0
  -0.522092  0.000000  2.771820  1.313823e+01  345.0
  -0.316256  0.000000  2.826974  3.292042e+01  345.0
  -0.419174  0.000000  2.799397  2.791663e+01  345.0
  -0.213338  0.000000  2.854551  2.237542e+01  345.0
  -0.165114  0.000000  2.880413  1.199031e+01  345.0
  -0.370950  0.000000  2.825259  3.189428e+01  345.0
  0.050756  0.000000  2.900000  2.771080e+01  360.0
  -0.000000  0.000000  2.887500  2.196104e+01  360.0
  0.101512  0.000000  2.912500  1.600901e+01  360.0
  0.050756  0.000000  2.900000  2.771080e+01  360.0
  -0.050756  0.000000  2.900000  1.719529e+01  360.0
  0.050756  0.000000  2.900000  2.771080e+01  360.0
  0.152268  0.000000  2.900000  1.060786e+01  360.0
  -0.000000  0.000000  2.900000  2.608599e+01  360.0
  0.101512  0.000000  2.900000  2.073219e+01  360.0
  -0.000000  0.000000  2.900000  2.608599e+01  360.0
  -0.050756  0.000000  2.887500  1.401337e+01  360.0
  0.050756  0.000000  2.887500  2.378788e+01  360.0
  0.101512  0.000000  2.900000  2.073219e+01  360.0
  -0.000000  0.000000  2.900000  2.608599e+01  360.0
  -0.101512  0.000000  2.900000  7.621866e+00  360.0
  -0.000000  0.000000  2.900000  2.608599e+01  360.0
  0.101512  0.000000  2.900000  2.073219e+01  360.0
  -0.000000  0.000000  2.900000  2.608599e+01  360.0
  -0.101512  0.000000  2.900000  7.621866e+00  360.0
  0.050756  0.000000  2.900000  2.771080e+01  360.0
  -0.050756  0.000000  2.900000  1.719529e+01  360.0
  0.050756  0.000000  2.900000  2.771080e+01  360.0
  0.152268  0.000000  2.900000  1.060786e+01  360.0
  0.050756  0.000000  2.900000  2.771080e+01  360.0
  -0.050756  0.000000  2.900000  1.719529e+01  360.0
  0.050756  0.000000  2.900000  2.771080e+01  360.0
  0.152268  0.000000  2.900000  1.060786e+01  360.0
  0.050756  0.000000  2.900000  2.771080e+01  360.0
  -0.050756  0.000000  2.900000  1.719529e+01  360.0
  0.050756  0.000000  2.900000  2.771080e+01  360.0
