RCS SIMULATOR RESULTS 20260619210106

Simulation Parameters:
    Mode: Monostatic
    Radar Frequency (GHz): 1.0000
    Wavelength (m): 0.300000
    Correlation distance (m): 0.000000
    Standard Deviation (m): 0.000000
    Incident wave polarization: TM-z
    Number of triangles: 10938
    Start phi angle (degrees): 0
    Stop phi angle (degrees): 0
    Phi increment step (degrees): 0
    Start theta angle (degrees): 0
    Stop theta angle (degrees): 360
    Theta increment step (degrees): 5.000000e-01

Simulation Results IR Signature:
Theta (deg):
[0 0.5 1 1.5 2 2.5 3 3.5 4 4.5 5 5.5 6 6.5 7 7.5 8 8.5 9 9.5 10 10.5 11 11.5 12 12.5 13 13.5 14 14.5 15 15.5 16 16.5 17 17.5 18 18.5 19 19.5 20 20.5 21 21.5 22 22.5 23 23.5 24 24.5 25 25.5 26 26.5 27 27.5 28 28.5 29 29.5 30 30.5 31 31.5 32 32.5 33 33.5 34 34.5 35 35.5 36 36.5 37 37.5 38 38.5 39 39.5 40 40.5 41 41.5 42 42.5 43 43.5 44 44.5 45 45.5 46 46.5 47 47.5 48 48.5 49 49.5 50 50.5 51 51.5 52 52.5 53 53.5 54 54.5 55 55.5 56 56.5 57 57.5 58 58.5 59 59.5 60 60.5 61 61.5 62 62.5 63 63.5 64 64.5 65 65.5 66 66.5 67 67.5 68 68.5 69 69.5 70 70.5 71 71.5 72 72.5 73 73.5 74 74.5 75 75.5 76 76.5 77 77.5 78 78.5 79 79.5 80 80.5 81 81.5 82 82.5 83 83.5 84 84.5 85 85.5 86 86.5 87 87.5 88 88.5 89 89.5 90 90.5 91 91.5 92 92.5 93 93.5 94 94.5 95 95.5 96 96.5 97 97.5 98 98.5 99 99.5 100 100.5 101 101.5 102 102.5 103 103.5 104 104.5 105 105.5 106 106.5 107 107.5 108 108.5 109 109.5 110 110.5 111 111.5 112 112.5 113 113.5 114 114.5 115 115.5 116 116.5 117 117.5 118 118.5 119 119.5 120 120.5 121 121.5 122 122.5 123 123.5 124 124.5 125 125.5 126 126.5 127 127.5 128 128.5 129 129.5 130 130.5 131 131.5 132 132.5 133 133.5 134 134.5 135 135.5 136 136.5 137 137.5 138 138.5 139 139.5 140 140.5 141 141.5 142 142.5 143 143.5 144 144.5 145 145.5 146 146.5 147 147.5 148 148.5 149 149.5 150 150.5 151 151.5 152 152.5 153 153.5 154 154.5 155 155.5 156 156.5 157 157.5 158 158.5 159 159.5 160 160.5 161 161.5 162 162.5 163 163.5 164 164.5 165 165.5 166 166.5 167 167.5 168 168.5 169 169.5 170 170.5 171 171.5 172 172.5 173 173.5 174 174.5 175 175.5 176 176.5 177 177.5 178 178.5 179 179.5 180 180.5 181 181.5 182 182.5 183 183.5 184 184.5 185 185.5 186 186.5 187 187.5 188 188.5 189 189.5 190 190.5 191 191.5 192 192.5 193 193.5 194 194.5 195 195.5 196 196.5 197 197.5 198 198.5 199 199.5 200 200.5 201 201.5 202 202.5 203 203.5 204 204.5 205 205.5 206 206.5 207 207.5 208 208.5 209 209.5 210 210.5 211 211.5 212 212.5 213 213.5 214 214.5 215 215.5 216 216.5 217 217.5 218 218.5 219 219.5 220 220.5 221 221.5 222 222.5 223 223.5 224 224.5 225 225.5 226 226.5 227 227.5 228 228.5 229 229.5 230 230.5 231 231.5 232 232.5 233 233.5 234 234.5 235 235.5 236 236.5 237 237.5 238 238.5 239 239.5 240 240.5 241 241.5 242 242.5 243 243.5 244 244.5 245 245.5 246 246.5 247 247.5 248 248.5 249 249.5 250 250.5 251 251.5 252 252.5 253 253.5 254 254.5 255 255.5 256 256.5 257 257.5 258 258.5 259 259.5 260 260.5 261 261.5 262 262.5 263 263.5 264 264.5 265 265.5 266 266.5 267 267.5 268 268.5 269 269.5 270 270.5 271 271.5 272 272.5 273 273.5 274 274.5 275 275.5 276 276.5 277 277.5 278 278.5 279 279.5 280 280.5 281 281.5 282 282.5 283 283.5 284 284.5 285 285.5 286 286.5 287 287.5 288 288.5 289 289.5 290 290.5 291 291.5 292 292.5 293 293.5 294 294.5 295 295.5 296 296.5 297 297.5 298 298.5 299 299.5 300 300.5 301 301.5 302 302.5 303 303.5 304 304.5 305 305.5 306 306.5 307 307.5 308 308.5 309 309.5 310 310.5 311 311.5 312 312.5 313 313.5 314 314.5 315 315.5 316 316.5 317 317.5 318 318.5 319 319.5 320 320.5 321 321.5 322 322.5 323 323.5 324 324.5 325 325.5 326 326.5 327 327.5 328 328.5 329 329.5 330 330.5 331 331.5 332 332.5 333 333.5 334 334.5 335 335.5 336 336.5 337 337.5 338 338.5 339 339.5 340 340.5 341 341.5 342 342.5 343 343.5 344 344.5 345 345.5 346 346.5 347 347.5 348 348.5 349 349.5 350 350.5 351 351.5 352 352.5 353 353.5 354 354.5 355 355.5 356 356.5 357 357.5 358 358.5 359 359.5 360]

RCS Theta (dBsm):
[20.3073533800602 20.2601215871795 20.1197204611205 19.8813945545687 19.5458344634131 19.1114810433453 18.5756081174215 17.9345952438183 17.1837609040784 16.3170995399542 15.3269409780963 14.2034179420434 12.9336319343493 11.5001408353549 9.87872275955283 8.03409506360683 5.91192675966619 3.42237500250061 0.401907389449483 -3.49129910077162 -9.13940793082365 -18.4798534599186 -13.6718112749314 -8.26491360070189 -5.34035081272939 -3.50013305053605 -2.25043972366897 -1.37451622821707 -0.765254373646444 -0.368537928711212 -0.162899295804171 -0.149909647385855 -0.346557578465642 -0.789996380684091 -1.54148243734553 -2.69998684532044 -4.4353494145961 -7.07537028922325 -11.3416045223346 -17.6032017257558 -13.7201125774922 -8.34648394646878 -5.12449384089704 -3.12162680265144 -1.92755171917141 -1.35802098970875 -1.33062322547378 -1.79397975661912 -2.71291972620342 -4.02952534044119 -5.60044149510262 -7.15270140413553 -8.41604791701345 -9.37777077255945 -10.4026005077935 -11.9659697100389 -14.4766112419168 -17.8507379261308 -19.190025507022 -16.7334403521832 -14.5964005413002 -13.732381493227 -14.0670907150043 -15.6358448834596 -18.6380631389754 -23.4312930880737 -29.9838361941267 -34.259954548312 -32.4924965483579 -22.6441161423275 -15.8793389495413 -11.3784550034731 -8.35009183081915 -6.42452366089046 -5.43825604396818 -5.32881020292247 -6.10163789965981 -7.79938436466735 -10.380711821079 -13.2545952135012 -14.8921062131807 -15.4062648367401 -16.1976020908129 -16.0169371642769 -13.5057856390485 -11.2409672225989 -10.6686366431435 -12.4551879805871 -17.1585602750996 -13.3855839207319 -7.44277312295827 -4.32720635659599 -3.16429773884464 -3.68895212613331 -6.03384685648936 -10.0011520924702 -10.2075643044614 -6.87312436001492 -5.13503718020868 -4.76679164217429 -4.62373565861303 -3.86764100696324 -3.23750854581751 -3.96573578118306 -7.39657481297118 -16.0102346567572 -8.26112563841145 -3.09237312969402 -1.47392283879953 -2.41880283454668 -6.47961149095211 -14.0665340678315 -8.06396950298362 -4.52823556838392 -3.93605889298116 -3.98455510864359 -2.95239664625112 -2.44625219779868 -4.41265833488865 -4.16109151175224 2.67083033203883 7.10996159540324 9.1845619226518 9.09719949432847 6.04509445454297 -6.43537262472219 4.38649692239317 11.011949405965 13.5940903585314 13.8189779973017 11.5612509045682 4.23629330229665 0.579242924828653 10.9886118457883 14.2831914042168 14.8642161641987 13.1657927273968 8.13568061665666 -4.89158199517792 7.43892217408771 11.7075716930075 12.7180445919974 11.6245840109736 8.47058414643682 3.06153407779908 1.05949770380479 4.40228143910908 6.05903679529268 6.33999510920603 5.81447030180551 4.49862642010251 1.83633239755506 -3.58460744541077 -14.2744851862113 -5.86121797340399 -2.15841938848121 -0.940345170859355 0.122818258561729 1.65336081231062 2.73408421115011 2.63891135437443 0.927247860337073 -3.3011343243241 -10.9357764967824 -3.51109107435538 2.0375676525576 5.03723418556275 6.51603090065255 6.67930999712406 5.32030146519844 1.49263474922263 -10.9040567700844 -1.47983527629053 5.74755810438282 9.43562962540519 11.7492649569283 13.3382632213977 14.4878517907594 15.3239133981782 15.8793205142994 16.1297321878895 16.018849100501 15.4680112994932 14.3787313920922 12.6215555120637 9.99702408273935 6.11710261457867 -0.0803952901299172 -15.3233136588322 -7.47577258915828 -2.39220593984545 -0.873474575357534 -0.705535019420501 -1.21361700061222 -2.14791049025199 -3.58846703538051 -6.03661762949148 -10.9773479421167 -27.6047824137469 -11.3259966370095 -5.66437452868498 -3.25181778484183 -2.68108875735264 -3.71017804122645 -6.6460246970574 -12.8104875831821 -17.8361973876798 -10.6391043917517 -7.51005814789213 -6.56474826104519 -6.96670854683299 -8.40333223565615 -10.8820743486635 -14.902333202556 -21.6039368754997 -20.1397569212577 -14.6294875956125 -12.1084634361765 -11.6250481912383 -12.956133418389 -15.96957305918 -17.6487473311717 -15.146123364755 -13.5135835031833 -14.2852175306246 -18.8109309675721 -37.0343790395535 -17.179634330824 -12.2679244532322 -10.5082877572693 -10.6195202623442 -12.2619783136474 -15.2404385654516 -18.359723046632 -18.5885325899608 -17.0473019862858 -15.7579252650635 -14.6785325687217 -13.5189341138756 -12.3397981425261 -11.4866100282992 -11.323461099526 -12.0839202848067 -13.370533863601 -13.0771737322757 -10.6632717427079 -8.54682378008318 -7.68077178188106 -8.25406702443152 -10.4806925533875 -14.4430142967621 -16.2885615986663 -13.4407955947549 -11.8842845118924 -12.4962570010895 -15.5242135893163 -22.1015051697079 -24.9385026936433 -20.8473075552278 -21.8736023237675 -30.6304285916011 -20.498501184432 -13.8816814930269 -10.6724491734711 -9.19601972369132 -8.77443707699788 -8.83055634045954 -8.73668370839645 -8.19057294356434 -7.48536588410359 -7.05143013558016 -7.14764939727881 -7.88919438794498 -9.39336061299404 -11.8965808092681 -15.8662961613917 -21.7684977957515 -22.164546905589 -17.4543910006792 -14.2281903318235 -11.7073962618897 -9.50751614381348 -7.72093352197052 -6.50810974632409 -5.98006038189546 -6.19913624392235 -7.22204979301114 -9.11287684139141 -11.9352055145859 -15.6960050074087 -20.2749669657853 -26.323117737935 -35.3580287629484 -23.1048200384611 -17.1724962739452 -13.9576829885489 -12.3245593021919 -11.9978157875571 -12.9764827943356 -15.2924548054632 -17.8938173056461 -16.7775318537063 -13.6872347630498 -11.5736645257502 -10.5743917221939 -10.4998270559696 -11.1788183403206 -12.5593376516426 -14.8684776819374 -19.2638278399215 -35.4691775520321 -18.2725309589514 -10.7649191389138 -6.24597188741997 -3.12139653736602 -0.902248331943172 0.611141265612057 1.50955350575925 1.82031908621977 1.50897710254687 0.453755937855809 -1.65433645427338 -5.72531953357122 -16.4987523021395 -10.2252364409198 -2.34162154880978 1.77695679127946 4.4459519383583 6.27590442445658 7.50527498633881 8.23579133113468 8.4980665686801 8.26674760239167 7.4511858272099 5.84061417318602 2.91171608955903 -3.19395057836105 -17.6470415878176 0.284343974115397 5.87315515099772 9.17315582937231 11.3647926339578 12.8329857802235 13.736703318112 14.1362552974551 14.02792358489 13.3411012806905 11.8939748343763 9.23224344010148 3.83532273608729 -26.6602490528519 5.34514867571535 11.5723277699544 15.2446045986728 17.7830883650239 19.6388800714528 21.0125834501254 22.0091065080625 22.688104697094 23.0843805016372 23.2144574266177 23.0843801465179 22.6881441314716 22.0091945270779 21.0127343841454 19.6391185431888 17.7834585006534 15.2451943847401 11.5733531954849 5.34744741213646 -26.555321299382 3.83249025792693 9.23081933077822 11.8930821903418 13.3405559871882 14.0276903728417 14.1363650443557 13.737239354336 12.8340961517397 11.3667317864553 9.17639798427757 5.87877177261726 0.296016315704774 -17.5544909704737 -3.20969673830165 2.90569493561601 5.83823214868608 7.45118683190233 8.26885241696415 8.50235663166945 8.24234893295116 7.51359502761981 6.28573260586981 4.45677489050928 1.78776150758725 -2.33281353921725 -10.2211863999578 -16.3588737228108 -5.68247839695773 -1.62586845596219 0.473488954814137 1.51961703274282 1.82162517492736 1.50099317290728 0.592705680728148 -0.929762355084132 -3.1541780385355 -6.27433488082828 -10.7631968088561 -18.1347841553158 -35.8660353463824 -19.4917083430698 -14.9342024194983 -12.5280379844715 -11.0986318931417 -10.4125407245877 -10.5099635168379 -11.5511425938349 -13.7195187944401 -16.8695052079085 -17.9618995100021 -15.3436474594871 -13.052657233943 -12.104643325996 -12.4541911962796 -14.083384402237 -17.2408471613665 -22.9385068911363 -34.9212215459793 -26.7471128264413 -20.1577789762179 -15.4719942596451 -11.7856650626701 -9.06294537818943 -7.24786355689249 -6.26640606453588 -6.05321812674289 -6.55007090191599 -7.69166600356766 -9.38229432951632 -11.5233677450408 -14.1220659561444 -17.5742722929779 -22.5825785061577 -22.0359969613128 -16.0889797981464 -12.0889932200359 -9.50051839445254 -7.88873370299019 -7.06317261882734 -6.93716972221006 -7.41988093977196 -8.24226209313505 -8.86960193556827 -8.89818549613985 -8.70899806001475 -9.04767934860956 -10.5237063984964 -13.838306016581 -20.84985000748 -30.3661984193731 -21.3318080356611 -20.5160614991298 -24.5368524001507 -21.5936916122329 -15.3435709708364 -12.4762087331785 -11.9894265790449 -13.6385714859452 -16.3423302653486 -14.238584896703 -10.4114327666231 -8.29402925836301 -7.78079356562305 -8.65337809513251 -10.6869913311387 -12.9217658131433 -13.2448982884851 -12.147493697774 -11.4720773512905 -11.6227198677632 -12.3929948388007 -13.4528988956543 -14.5133228116947 -15.5858294209272 -17.0299317373724 -18.9042473793296 -18.6517258670852 -15.170381726639 -12.1165807697314 -10.5249581714352 -10.5071636608986 -12.3952677539426 -17.5494806683393 -39.751122779359 -18.598565781176 -14.3164561373332 -13.6799127466443 -15.4484443338107 -18.0619011782701 -16.257398922701 -13.1946433574769 -11.8494138346949 -12.2817882012067 -14.6468115174284 -19.6561379358308 -21.5873791657157 -15.2170088345802 -11.0365904903938 -8.41396201635709 -6.89600363231108 -6.47163907984918 -7.44465860555909 -10.6686051727494 -18.2162003757627 -12.7187413813558 -6.57115235444999 -3.67998370059514 -2.69008056296125 -3.29557336074245 -5.74156076374542 -11.4524384948586 -28.2554074168651 -11.0514276894892 -6.1127363422494 -3.65294165781837 -2.19102202292509 -1.23119818644936 -0.69868554245431 -0.846604340844034 -2.35054046572444 -7.41304171556163 -15.3209815842836 -0.0694026337071016 6.1269430057538 10.0023757587739 12.622381253711 14.3763018347071 15.46422757342 16.015763675515 16.1290492441478 15.8818825007506 15.3293260337142 14.4944491096548 13.3434614482634 11.750091562658 9.42899362336068 5.72940850321734 -1.52197356275067 -10.7979128904417 1.49755801681039 5.31164822239864 6.66721346353513 6.50668501989013 5.03574278729909 2.04808534140262 -3.49251361341371 -11.0115180579273 -3.2983993750129 0.947214991020937 2.65880452891767 2.74787038683149 1.6579564161361 0.116627891160825 -0.957450902768946 -2.18815389770422 -5.91403792949715 -14.2991337404635 -3.58047364669499 1.82349855501327 4.48221021134675 5.80342610797386 6.33881404203513 6.06519576028446 4.40583946203023 1.04162842754768 3.05525319740074 8.47702781263808 11.6303669534007 12.7203734601845 11.7048403968917 7.42671817747531 -4.89253473538541 8.14822158349779 13.1693852671695 14.8635194720063 14.279331804368 10.981382831566 0.563067586650131 4.2438714452712 11.5602384548389 13.8162434223315 13.5912011706284 11.0104757217221 4.39259972818556 -6.43482924887135 6.03534265343297 9.09154555027131 9.18359769178365 7.11665608017903 2.69226789606944 -4.13262679986076 -4.4536187369183 -2.47035099243253 -2.94679012018774 -3.95996679582105 -3.93332987103605 -4.5542382306295 -8.11608273439388 -14.0711154624352 -6.47086736408108 -2.42702507027401 -1.4902905899657 -3.11132119322889 -8.26941181660436 -15.9393984467763 -7.40069605239342 -3.96685192792194 -3.22658652491784 -3.84704306647554 -4.6155308961603 -4.78360763005032 -5.15577239310109 -6.87261615426878 -10.1654447706681 -10.0040252514324 -6.06925876931749 -3.71971875207646 -3.18481678425749 -4.33593300440008 -7.43965256823591 -13.3777485290037 -17.2449606504745 -12.503949016544 -10.6895836453233 -11.251288345512 -13.5057505724838 -16.0131750075715 -16.2147677898454 -15.4279187189184 -14.8893771877523 -13.2257695824718 -10.3420863529058 -7.76805129352098 -6.08668715772374 -5.33558116525538 -5.46599575569905 -6.47138965270125 -8.41236919705159 -11.4419483789602 -15.8982255688151 -22.4841246627269 -31.7739183630497 -33.598719183527 -28.7398654856368 -22.9125446962667 -18.5741846781853 -15.7746990874974 -14.2815034870886 -13.9452355149089 -14.7218416034861 -16.5981841406821 -18.6218333117408 -17.5897755131529 -14.6217620443822 -12.2104461873831 -10.5967811069541 -9.446124201517 -8.34537909578226 -7.01612948512537 -5.48771478940469 -3.98493509237498 -2.73222113905155 -1.85695023288767 -1.41388596285441 -1.44251474556173 -1.99487014385145 -3.15318937726999 -5.09254881449105 -8.1961807385513 -13.305810050226 -17.5338621483311 -11.6351918446501 -7.2721606300138 -4.55478205525663 -2.7608407999914 -1.55809196417313 -0.773062519721076 -0.305149763328835 -0.0922956532022831 -0.0966762657373096 -0.300847710134472 -0.702894915299324 -1.3233181911358 -2.21472658272106 -3.48479034216763 -5.35348271898729 -8.32670452460122 -13.8705057505559 -18.586546521625 -9.05388463228649 -3.43304566026028 0.44158128585102 3.44993537070022 5.93121718029667 8.04757826430039 9.88807335057442 11.506538937848 12.9379255127787 14.2062219411822 15.3287026180867 16.3181436926975 17.1843226019582 17.9348434663176 18.5756634241687 19.1114285642052 19.5457335915786 19.8812860444669 20.1196315143976 20.2600697787273 20.3073533800602]

Phi (deg):
[0 0 0 0 0 0 0 0 0 0 0 0 0 0 0 0 0 0 0 0 0 0 0 0 0 0 0 0 0 0 0 0 0 0 0 0 0 0 0 0 0 0 0 0 0 0 0 0 0 0 0 0 0 0 0 0 0 0 0 0 0 0 0 0 0 0 0 0 0 0 0 0 0 0 0 0 0 0 0 0 0 0 0 0 0 0 0 0 0 0 0 0 0 0 0 0 0 0 0 0 0 0 0 0 0 0 0 0 0 0 0 0 0 0 0 0 0 0 0 0 0 0 0 0 0 0 0 0 0 0 0 0 0 0 0 0 0 0 0 0 0 0 0 0 0 0 0 0 0 0 0 0 0 0 0 0 0 0 0 0 0 0 0 0 0 0 0 0 0 0 0 0 0 0 0 0 0 0 0 0 0 0 0 0 0 0 0 0 0 0 0 0 0 0 0 0 0 0 0 0 0 0 0 0 0 0 0 0 0 0 0 0 0 0 0 0 0 0 0 0 0 0 0 0 0 0 0 0 0 0 0 0 0 0 0 0 0 0 0 0 0 0 0 0 0 0 0 0 0 0 0 0 0 0 0 0 0 0 0 0 0 0 0 0 0 0 0 0 0 0 0 0 0 0 0 0 0 0 0 0 0 0 0 0 0 0 0 0 0 0 0 0 0 0 0 0 0 0 0 0 0 0 0 0 0 0 0 0 0 0 0 0 0 0 0 0 0 0 0 0 0 0 0 0 0 0 0 0 0 0 0 0 0 0 0 0 0 0 0 0 0 0 0 0 0 0 0 0 0 0 0 0 0 0 0 0 0 0 0 0 0 0 0 0 0 0 0 0 0 0 0 0 0 0 0 0 0 0 0 0 0 0 0 0 0 0 0 0 0 0 0 0 0 0 0 0 0 0 0 0 0 0 0 0 0 0 0 0 0 0 0 0 0 0 0 0 0 0 0 0 0 0 0 0 0 0 0 0 0 0 0 0 0 0 0 0 0 0 0 0 0 0 0 0 0 0 0 0 0 0 0 0 0 0 0 0 0 0 0 0 0 0 0 0 0 0 0 0 0 0 0 0 0 0 0 0 0 0 0 0 0 0 0 0 0 0 0 0 0 0 0 0 0 0 0 0 0 0 0 0 0 0 0 0 0 0 0 0 0 0 0 0 0 0 0 0 0 0 0 0 0 0 0 0 0 0 0 0 0 0 0 0 0 0 0 0 0 0 0 0 0 0 0 0 0 0 0 0 0 0 0 0 0 0 0 0 0 0 0 0 0 0 0 0 0 0 0 0 0 0 0 0 0 0 0 0 0 0 0 0 0 0 0 0 0 0 0 0 0 0 0 0 0 0 0 0 0 0 0 0 0 0 0 0 0 0 0 0 0 0 0 0 0 0 0 0 0 0 0 0 0 0 0 0 0 0 0 0 0 0 0 0 0 0 0 0 0 0 0 0 0 0 0 0 0 0 0 0 0 0 0 0 0 0 0 0 0 0 0 0 0 0 0 0 0 0 0 0 0 0 0 0 0 0 0 0 0 0 0 0 0 0 0 0 0 0 0 0 0 0 0 0 0 0 0 0 0 0 0 0 0 0 0 0 0 0 0 0 0 0 0 0 0 0 0 0 0 0 0 0 0]

RCS Phi (dBsm):
[-100 -100 -100 -100 -100 -100 -100 -100 -100 -100 -100 -100 -100 -100 -100 -100 -100 -100 -100 -100 -100 -100 -100 -100 -100 -100 -100 -100 -100 -100 -100 -100 -100 -100 -100 -100 -100 -100 -100 -100 -100 -100 -100 -100 -100 -100 -100 -100 -100 -100 -100 -100 -100 -100 -100 -100 -100 -100 -100 -100 -100 -100 -100 -100 -100 -100 -100 -99.9999999999999 -100 -100 -99.9999999999999 -100 -100 -100 -100 -100 -100 -100 -100 -100 -100 -100 -100 -100 -100 -100 -100 -100 -100 -100 -100 -100 -100 -100 -100 -100 -100 -100 -100 -100 -100 -100 -100 -100 -99.9999999999999 -100 -100 -100 -100 -100 -100 -100 -100 -100 -100 -100 -100 -100 -100 -100 -100 -100 -100 -100 -100 -100 -100 -100 -100 -100 -100 -100 -100 -100 -100 -100 -100 -100 -100 -100 -100 -100 -100 -99.9999999999999 -100 -99.9999999999999 -100 -100 -100 -100 -100 -100 -100 -100 -100 -100 -99.9999999999999 -99.9999999999999 -99.9999999999999 -99.9999999999999 -99.9999999999999 -99.9999999999999 -100 -100 -100 -100 -99.9999999999999 -100 -100 -100 -100 -100 -100 -100 -100 -100 -100 -100 -100 -100 -100 -100 -100 -100 -100 -100 -100 -100 -100 -100 -100 -100 -100 -99.9999999999999 -100 -100 -100 -100 -100 -100 -99.9999999999999 -99.9999999999999 -99.9999999999999 -99.9999999999999 -99.9999999999999 -100 -100 -100 -100 -100 -100 -100 -100 -100 -100 -100 -100 -99.9999999999999 -100 -100 -100 -100 -100 -100 -100 -100 -100 -100 -100 -100 -100 -100 -100 -100 -100 -100 -100 -100 -100 -100 -100 -100 -100 -100 -100 -100 -100 -100 -100 -100 -100 -100 -100 -100 -100 -100 -100 -100 -100 -100 -100 -100 -100 -100 -100 -100 -100 -100 -100 -100 -100 -100 -100 -100 -100 -100 -100 -100 -100 -100 -100 -100 -100 -100 -100 -100 -100 -100 -100 -100 -100 -100 -100 -100 -100 -100 -99.9999999999999 -100 -100 -100 -99.9999999999999 -100 -100 -100 -100 -100 -100 -100 -100 -100 -100 -100 -100 -100 -100 -100 -100 -100 -100 -100 -100 -100 -100 -100 -100 -100 -100 -100 -100 -100 -100 -100 -100 -100 -100 -100 -100 -100 -100 -100 -100 -100 -100 -100 -100 -100 -100 -100 -100 -100 -100 -100 -100 -100 -100 -100 -100 -100 -100 -100 -100 -100 -100 -100 -100 -100 -100 -100 -100 -100 -100 -100 -100 -100 -100 -100 -100 -100 -100 -100 -100 -100 -100 -100 -100 -100 -100 -100 -100 -100 -100 -100 -100 -100 -100 -100 -100 -100 -100 -100 -100 -100 -100 -100 -100 -100 -100 -100 -100 -100 -100 -100 -100 -100 -100 -100 -100 -100 -100 -100 -100 -100 -100 -100 -100 -100 -100 -99.9999999999999 -100 -100 -99.9999999999999 -100 -100 -100 -100 -100 -100 -100 -100 -100 -100 -100 -100 -100 -100 -100 -100 -100 -100 -100 -100 -100 -100 -100 -100 -100 -100 -100 -100 -100 -100 -100 -100 -100 -99.9999999999999 -100 -100 -100 -100 -100 -100 -100 -100 -100 -100 -100 -100 -100 -100 -100 -100 -100 -100 -100 -100 -100 -100 -100 -100 -100 -100 -100 -100 -100 -100 -100 -100 -100 -100 -100 -100 -100 -100 -99.9999999999999 -100 -99.9999999999999 -100 -100 -100 -100 -100 -100 -100 -100 -100 -100 -99.9999999999999 -99.9999999999999 -99.9999999999999 -99.9999999999999 -99.9999999999999 -99.9999999999999 -100 -100 -100 -100 -99.9999999999999 -100 -100 -100 -100 -100 -100 -100 -100 -100 -100 -100 -100 -100 -100 -100 -100 -100 -100 -100 -100 -100 -100 -100 -100 -100 -100 -99.9999999999999 -99.9999999999999 -100 -100 -100 -100 -100 -99.9999999999999 -99.9999999999999 -99.9999999999999 -99.9999999999999 -99.9999999999999 -100 -100 -100 -100 -100 -100 -100 -100 -100 -100 -100 -100 -99.9999999999999 -100 -100 -100 -100 -100 -100 -100 -100 -100 -100 -100 -100 -100 -100 -100 -100 -100 -100 -100 -100 -100 -99.9999999999999 -100 -100 -100 -100 -100 -100 -100 -100 -100 -100 -100 -100 -100 -100 -100 -100 -100 -100 -100 -100 -100 -100 -100 -100 -100 -100 -100 -100 -100 -100 -100 -100 -100 -100 -100 -100 -100 -100 -100 -100 -100 -100 -100 -100 -100 -100 -100 -100 -100 -100 -100 -100 -100 -100 -100 -100 -99.9999999999999 -100 -100 -100 -100 -100 -100 -100 -100 -100 -100 -100 -100 -100 -100 -100 -100 -100 -100 -100 -100 -100 -100 -100 -100 -100 -100 -100 -100 -100 -100 -100 -100 -100 -100 -100 -100 -100 -100 -100 -100 -100 -100 -100 -100 -100 -100 -100 -100 -100 -100 -100 -100 -100 -100 -100 -100 -100 -100 -100 -100 -100 -100 -100 -100]
