# 3D Scattering Centers Reconstruction
# Model: rocket
# Reference point: [0.0000, 0.0000, 0.9500] m
# Center angles (deg): 0   15   30   45   60   75   90  105  120  135  150  165  180  195  210  225  240  255  270  285  300  315  330  345  360
# Aperture: 10.0 deg
# Total centers: 750
#
# Columns: x(m)  y(m)  z(m)  amplitude  source_theta(deg)
  -0.050756  0.000000  2.900000  1.648216e+01  0.0
  0.050756  0.000000  2.900000  1.223669e+01  0.0
  -0.050756  0.000000  2.900000  1.648216e+01  0.0
  -0.152268  0.000000  2.900000  9.525957e+00  0.0
  -0.050756  0.000000  2.900000  1.648216e+01  0.0
  0.050756  0.000000  2.900000  1.223669e+01  0.0
  -0.050756  0.000000  2.900000  1.648216e+01  0.0
  -0.152268  0.000000  2.900000  9.525957e+00  0.0
  -0.050756  0.000000  2.900000  1.648216e+01  0.0
  0.050756  0.000000  2.900000  1.223669e+01  0.0
  -0.050756  0.000000  2.900000  1.648216e+01  0.0
  -0.152268  0.000000  2.900000  9.525957e+00  0.0
  -0.050756  0.000000  2.900000  1.648216e+01  0.0
  0.000000  0.000000  2.912500  1.354560e+01  0.0
  -0.101512  0.000000  2.887500  1.277664e+01  0.0
  -0.050756  0.000000  2.900000  1.648216e+01  0.0
  0.050756  0.000000  2.900000  1.223669e+01  0.0
  -0.050756  0.000000  2.900000  1.648216e+01  0.0
  -0.152268  0.000000  2.900000  9.525957e+00  0.0
  -0.050756  0.000000  2.900000  1.648216e+01  0.0
  0.050756  0.000000  2.900000  1.223669e+01  0.0
  -0.050756  0.000000  2.900000  1.648216e+01  0.0
  -0.152268  0.000000  2.900000  9.525957e+00  0.0
  -0.050756  0.000000  2.900000  1.648216e+01  0.0
  0.050756  0.000000  2.900000  1.223669e+01  0.0
  -0.050756  0.000000  2.900000  1.648216e+01  0.0
  -0.152268  0.000000  2.900000  9.525957e+00  0.0
  -0.050756  0.000000  2.900000  1.648216e+01  0.0
  0.050756  0.000000  2.900000  1.223669e+01  0.0
  0.000000  0.000000  2.887500  1.411689e+01  0.0
  0.316256  0.000000  2.826974  2.519777e+01  15.0
  0.370950  0.000000  2.825259  2.301738e+01  15.0
  0.261562  0.000000  2.828688  2.133336e+01  15.0
  0.316256  0.000000  2.826974  2.519777e+01  15.0
  0.425645  0.000000  2.823545  1.628974e+01  15.0
  0.370950  0.000000  2.825259  2.301738e+01  15.0
  0.264797  0.000000  2.840762  2.303098e+01  15.0
  0.319491  0.000000  2.839048  2.346905e+01  15.0
  0.210103  0.000000  2.842476  1.750345e+01  15.0
  0.264797  0.000000  2.840762  2.303098e+01  15.0
  0.422409  0.000000  2.811471  1.958145e+01  15.0
  0.367715  0.000000  2.813185  2.390717e+01  15.0
  0.313021  0.000000  2.814900  2.261069e+01  15.0
  0.210103  0.000000  2.842476  1.750345e+01  15.0
  0.155408  0.000000  2.844191  1.039541e+01  15.0
  0.213338  0.000000  2.854551  1.827143e+01  15.0
  0.316256  0.000000  2.826974  2.519777e+01  15.0
  0.419174  0.000000  2.799397  1.961824e+01  15.0
  0.473868  0.000000  2.797683  1.436442e+01  15.0
  0.261562  0.000000  2.828688  2.133336e+01  15.0
  0.158644  0.000000  2.856265  1.251186e+01  15.0
  0.364480  0.000000  2.801111  2.083958e+01  15.0
  0.261562  0.000000  2.828688  2.133336e+01  15.0
  0.206867  0.000000  2.830402  1.399400e+01  15.0
  0.316256  0.000000  2.826974  2.519777e+01  15.0
  0.419174  0.000000  2.799397  1.961824e+01  15.0
  0.261562  0.000000  2.828688  2.133336e+01  15.0
  0.316256  0.000000  2.826974  2.519777e+01  15.0
  0.370950  0.000000  2.825259  2.301738e+01  15.0
  0.473868  0.000000  2.797683  1.436442e+01  15.0
  0.582946  0.000000  2.607922  1.811265e+01  30.0
  0.635333  0.000000  2.592111  1.728351e+01  30.0
  0.530559  0.000000  2.623734  1.679261e+01  30.0
  0.582946  0.000000  2.607922  1.811265e+01  30.0
  0.478172  0.000000  2.639546  1.384766e+01  30.0
  0.530559  0.000000  2.623734  1.679261e+01  30.0
  0.687720  0.000000  2.576299  1.454436e+01  30.0
  0.635333  0.000000  2.592111  1.728351e+01  30.0
  0.582946  0.000000  2.607922  1.811265e+01  30.0
  0.675220  0.000000  2.554648  1.573736e+01  30.0
  0.727607  0.000000  2.538836  1.325987e+01  30.0
  0.779994  0.000000  2.523024  9.855756e+00  30.0
  0.490672  0.000000  2.661197  1.572705e+01  30.0
  0.438285  0.000000  2.677009  1.306445e+01  30.0
  0.385898  0.000000  2.692820  9.678790e+00  30.0
  0.582946  0.000000  2.607922  1.811265e+01  30.0
  0.530559  0.000000  2.623734  1.679261e+01  30.0
  0.635333  0.000000  2.592111  1.728351e+01  30.0
  0.582946  0.000000  2.607922  1.811265e+01  30.0
  0.478172  0.000000  2.639546  1.384766e+01  30.0
  0.530559  0.000000  2.623734  1.679261e+01  30.0
  0.438285  0.000000  2.677009  1.306445e+01  30.0
  0.622833  0.000000  2.570460  1.646075e+01  30.0
  0.675220  0.000000  2.554648  1.573736e+01  30.0
  0.727607  0.000000  2.538836  1.325987e+01  30.0
  0.530559  0.000000  2.623734  1.679261e+01  30.0
  0.582946  0.000000  2.607922  1.811265e+01  30.0
  0.635333  0.000000  2.592111  1.728351e+01  30.0
  0.687720  0.000000  2.576299  1.454436e+01  30.0
  0.536809  0.000000  2.634560  1.744900e+01  30.0
  2.273693  0.000000  0.766867  1.316228e+01  45.0
  2.227183  0.000000  0.795698  1.292329e+01  45.0
  2.180674  0.000000  0.824530  1.200879e+01  45.0
  2.320202  0.000000  0.738035  1.257431e+01  45.0
  2.273693  0.000000  0.766867  1.316228e+01  45.0
  2.227183  0.000000  0.795698  1.292329e+01  45.0
  2.134164  0.000000  0.853362  1.060243e+01  45.0
  2.180674  0.000000  0.824530  1.200879e+01  45.0
  2.105332  0.000000  0.899871  9.990709e+00  45.0
  2.058823  0.000000  0.928703  8.253939e+00  45.0
  2.151842  0.000000  0.871040  1.132525e+01  45.0
  2.227183  0.000000  0.795698  1.292329e+01  45.0
  2.302524  0.000000  0.720357  1.304118e+01  45.0
  2.256015  0.000000  0.749189  1.257381e+01  45.0
  2.180674  0.000000  0.824530  1.200879e+01  45.0
  2.105332  0.000000  0.899871  9.990709e+00  45.0
  2.151842  0.000000  0.871040  1.132525e+01  45.0
  2.227183  0.000000  0.795698  1.292329e+01  45.0
  2.302524  0.000000  0.720357  1.304118e+01  45.0
  2.236022  0.000000  0.804537  1.282911e+01  45.0
  2.311363  0.000000  0.729196  1.309816e+01  45.0
  2.160681  0.000000  0.879878  1.096482e+01  45.0
  2.114171  0.000000  0.908710  9.967028e+00  45.0
  2.189512  0.000000  0.833369  1.232256e+01  45.0
  2.264854  0.000000  0.758028  1.315312e+01  45.0
  2.218344  0.000000  0.786860  1.244487e+01  45.0
  2.171835  0.000000  0.815691  1.121399e+01  45.0
  2.096494  0.000000  0.891033  9.597672e+00  45.0
  2.143003  0.000000  0.862201  1.119446e+01  45.0
  2.218344  0.000000  0.786860  1.244487e+01  45.0
  1.796024  0.000000  0.114196  9.287263e+00  60.0
  1.758561  0.000000  0.154083  8.968899e+00  60.0
  1.721099  0.000000  0.193970  8.070975e+00  60.0
  1.833486  0.000000  0.074309  9.017084e+00  60.0
  1.870949  0.000000  0.034422  8.295385e+00  60.0
  1.796024  0.000000  0.114196  9.287263e+00  60.0
  1.758561  0.000000  0.154083  8.968899e+00  60.0
  1.833486  0.000000  0.074309  9.017084e+00  60.0
  1.796024  0.000000  0.114196  9.287263e+00  60.0
  1.902572  0.000000  -0.070352  8.178847e+00  60.0
  1.865110  0.000000  -0.030465  8.649415e+00  60.0
  1.827647  0.000000  0.009422  8.878079e+00  60.0
  1.940035  0.000000  -0.110239  7.428628e+00  60.0
  1.902572  0.000000  -0.070352  8.178847e+00  60.0
  1.865110  0.000000  -0.030465  8.649415e+00  60.0
  1.742749  0.000000  0.206470  8.819361e+00  60.0
  1.705287  0.000000  0.246357  8.083672e+00  60.0
  1.667824  0.000000  0.286244  7.013700e+00  60.0
  1.774373  0.000000  0.101696  8.903533e+00  60.0
  1.811835  0.000000  0.061809  9.172520e+00  60.0
  1.849298  0.000000  0.021922  8.916208e+00  60.0
  1.902572  0.000000  -0.070352  8.178847e+00  60.0
  1.955847  0.000000  -0.162626  7.379208e+00  60.0
  1.780212  0.000000  0.166583  9.049738e+00  60.0
  1.742749  0.000000  0.206470  8.819361e+00  60.0
  1.705287  0.000000  0.246357  8.083672e+00  60.0
  1.918384  0.000000  -0.122739  8.036249e+00  60.0
  1.865110  0.000000  -0.030465  8.649415e+00  60.0
  1.811835  0.000000  0.061809  9.172520e+00  60.0
  1.758561  0.000000  0.154083  8.968899e+00  60.0
  0.594985  0.000000  -0.336957  1.365700e+02  75.0
  0.569122  0.000000  -0.288733  1.352944e+02  75.0
  0.541545  0.000000  -0.185815  1.352145e+02  75.0
  0.622561  0.000000  -0.439875  1.257779e+02  75.0
  0.513968  0.000000  -0.082897  1.331642e+02  75.0
  0.596699  0.000000  -0.391652  1.255252e+02  75.0
  0.648424  0.000000  -0.488099  1.069222e+02  75.0
  0.622561  0.000000  -0.439875  1.257779e+02  75.0
  0.553619  0.000000  -0.182580  1.310768e+02  75.0
  0.486392  0.000000  0.020021  1.028366e+02  75.0
  0.526043  0.000000  -0.079662  1.303219e+02  75.0
  0.581196  0.000000  -0.285498  1.362370e+02  75.0
  0.500180  0.000000  -0.031438  1.237579e+02  75.0
  0.474318  0.000000  0.016786  7.859729e+01  75.0
  0.650138  0.000000  -0.542794  9.840510e+01  75.0
  0.676001  0.000000  -0.591017  8.042768e+01  75.0
  0.541545  0.000000  -0.185815  1.352145e+02  75.0
  0.567408  0.000000  -0.234039  1.336626e+02  75.0
  0.607059  0.000000  -0.333722  1.123568e+02  75.0
  0.634635  0.000000  -0.436640  1.136108e+02  75.0
  0.608773  0.000000  -0.388416  1.333525e+02  75.0
  0.513968  0.000000  -0.082897  1.331642e+02  75.0
  0.539831  0.000000  -0.131121  1.306745e+02  75.0
  0.581196  0.000000  -0.285498  1.362370e+02  75.0
  0.500180  0.000000  -0.031438  1.237579e+02  75.0
  0.472603  0.000000  0.071480  7.326762e+01  75.0
  0.527757  0.000000  -0.134356  1.349964e+02  75.0
  0.501894  0.000000  -0.086132  1.044969e+02  75.0
  0.569122  0.000000  -0.288733  1.352944e+02  75.0
  0.446741  0.000000  0.119704  3.225433e+01  75.0
  0.500000  0.000000  0.426195  1.949176e+02  90.0
  0.500000  0.000000  0.319646  1.948804e+02  90.0
  0.500000  0.000000  0.213097  1.919447e+02  90.0
  0.500000  0.000000  0.532743  1.944960e+02  90.0
  0.500000  0.000000  0.639292  1.928129e+02  90.0
  0.500000  0.000000  0.426195  1.949176e+02  90.0
  0.500000  0.000000  0.319646  1.948804e+02  90.0
  0.500000  0.000000  0.532743  1.944960e+02  90.0
  0.500000  0.000000  0.426195  1.949176e+02  90.0
  0.500000  0.000000  0.745841  1.878778e+02  90.0
  0.500000  0.000000  0.639292  1.928129e+02  90.0
  0.500000  0.000000  0.532743  1.944960e+02  90.0
  0.500000  0.000000  0.852390  1.777888e+02  90.0
  0.500000  0.000000  0.745841  1.878778e+02  90.0
  0.500000  0.000000  0.639292  1.928129e+02  90.0
  0.500000  0.000000  0.532743  1.944960e+02  90.0
  0.500000  0.000000  0.426195  1.949176e+02  90.0
  0.500000  0.000000  0.319646  1.948804e+02  90.0
  0.500000  0.000000  0.213097  1.919447e+02  90.0
  0.500000  0.000000  0.106549  1.650134e+02  90.0
  0.500000  0.000000  0.319646  1.948804e+02  90.0
  0.500000  0.000000  0.426195  1.949176e+02  90.0
  0.500000  0.000000  0.213097  1.919447e+02  90.0
  0.500000  0.000000  0.532743  1.944960e+02  90.0
  0.500000  0.000000  0.319646  1.948804e+02  90.0
  0.500000  0.000000  0.426195  1.949176e+02  90.0
  0.500000  0.000000  0.639292  1.928129e+02  90.0
  0.500000  0.000000  0.532743  1.944960e+02  90.0
  0.500000  0.000000  0.745841  1.878778e+02  90.0
  0.500000  0.000000  0.639292  1.928129e+02  90.0
  0.498466  0.000000  -0.023256  4.685490e+00  105.0
  0.496751  0.000000  -0.077950  3.836028e+00  105.0
  0.500180  0.000000  0.031438  3.484189e+00  105.0
  0.498466  0.000000  -0.023256  4.685490e+00  105.0
  0.484677  0.000000  -0.074715  4.681626e+00  105.0
  0.486392  0.000000  -0.020021  4.395513e+00  105.0
  0.482963  0.000000  -0.129410  3.060081e+00  105.0
  0.484677  0.000000  -0.074715  4.681626e+00  105.0
  0.512254  0.000000  0.028203  3.711825e+00  105.0
  0.513968  0.000000  0.082897  2.132577e+00  105.0
  0.865978  0.000000  -0.728421  4.094684e+00  105.0
  0.864264  0.000000  -0.783115  3.655722e+00  105.0
  0.867693  0.000000  -0.673727  3.344528e+00  105.0
  0.865978  0.000000  -0.728421  4.094684e+00  105.0
  0.893555  0.000000  -0.625503  3.323055e+00  105.0
  0.895269  0.000000  -0.570809  2.036116e+00  105.0
  0.891841  0.000000  -0.680197  4.000485e+00  105.0
  0.864264  0.000000  -0.783115  3.655722e+00  105.0
  0.862550  0.000000  -0.837810  2.398398e+00  105.0
  0.893555  0.000000  -0.625503  3.323055e+00  105.0
  0.865978  0.000000  -0.728421  4.094684e+00  105.0
  0.864264  0.000000  -0.783115  3.655722e+00  105.0
  0.878052  0.000000  -0.731656  4.086807e+00  105.0
  0.879767  0.000000  -0.676962  3.947297e+00  105.0
  0.876338  0.000000  -0.786351  3.088900e+00  105.0
  0.878052  0.000000  -0.731656  4.086807e+00  105.0
  0.850475  0.000000  -0.834575  2.861675e+00  105.0
  0.905629  0.000000  -0.628738  3.420485e+00  105.0
  0.907343  0.000000  -0.574044  2.430055e+00  105.0
  0.852190  0.000000  -0.779880  3.717611e+00  105.0
  0.895219  0.000000  -0.824435  4.042792e+00  120.0
  0.879407  0.000000  -0.876822  3.870192e+00  120.0
  0.863596  0.000000  -0.929209  2.441795e+00  120.0
  0.911031  0.000000  -0.772048  2.821599e+00  120.0
  0.895219  0.000000  -0.824435  4.042792e+00  120.0
  0.879407  0.000000  -0.876822  3.870192e+00  120.0
  0.906045  0.000000  -0.830685  4.027974e+00  120.0
  0.921856  0.000000  -0.778298  3.462843e+00  120.0
  0.852770  0.000000  -0.922959  3.102052e+00  120.0
  0.868582  0.000000  -0.870572  3.933196e+00  120.0
  0.937668  0.000000  -0.725911  1.991083e+00  120.0
  0.921856  0.000000  -0.778298  3.462843e+00  120.0
  0.906045  0.000000  -0.830685  4.027974e+00  120.0
  0.852770  0.000000  -0.922959  3.102052e+00  120.0
  0.836958  0.000000  -0.975346  1.608542e+00  120.0
  0.890233  0.000000  -0.883072  3.078125e+00  120.0
  0.906045  0.000000  -0.830685  4.027974e+00  120.0
  0.921856  0.000000  -0.778298  3.462843e+00  120.0
  0.937668  0.000000  -0.725911  1.991083e+00  120.0
  0.879407  0.000000  -0.876822  3.870192e+00  120.0
  0.895219  0.000000  -0.824435  4.042792e+00  120.0
  0.948494  0.000000  -0.732161  2.449341e+00  120.0
  0.863596  0.000000  -0.929209  2.441795e+00  120.0
  0.879407  0.000000  -0.876822  3.870192e+00  120.0
  0.932682  0.000000  -0.784548  3.500252e+00  120.0
  0.826133  0.000000  -0.969096  2.057175e+00  120.0
  0.879407  0.000000  -0.876822  3.870192e+00  120.0
  0.906045  0.000000  -0.830685  4.027974e+00  120.0
  0.852770  0.000000  -0.922959  3.102052e+00  120.0
  0.959319  0.000000  -0.738411  2.521967e+00  120.0
  0.826220  0.000000  -0.976902  5.100793e+00  135.0
  0.855052  0.000000  -0.930393  4.493884e+00  135.0
  0.797388  0.000000  -1.023412  3.547687e+00  135.0
  0.826220  0.000000  -0.976902  5.100793e+00  135.0
  0.863890  0.000000  -0.939232  4.980584e+00  135.0
  0.788549  0.000000  -1.014573  4.187615e+00  135.0
  0.892722  0.000000  -0.892722  3.476894e+00  135.0
  0.817381  0.000000  -0.968064  4.628188e+00  135.0
  0.901561  0.000000  -0.901561  3.893129e+00  135.0
  0.826220  0.000000  -0.976902  5.100793e+00  135.0
  0.750879  0.000000  -1.052244  2.717435e+00  135.0
  0.863890  0.000000  -0.939232  4.980584e+00  135.0
  0.788549  0.000000  -1.014573  4.187615e+00  135.0
  0.759717  0.000000  -1.061083  2.297822e+00  135.0
  0.835059  0.000000  -0.985741  4.339346e+00  135.0
  0.863890  0.000000  -0.939232  4.980584e+00  135.0
  0.892722  0.000000  -0.892722  3.476894e+00  135.0
  0.921554  0.000000  -0.846213  1.418257e+00  135.0
  0.855052  0.000000  -0.930393  4.493884e+00  135.0
  0.826220  0.000000  -0.976902  5.100793e+00  135.0
  0.797388  0.000000  -1.023412  3.547687e+00  135.0
  0.930393  0.000000  -0.855052  2.099146e+00  135.0
  0.901561  0.000000  -0.901561  3.893129e+00  135.0
  0.872729  0.000000  -0.948071  4.270041e+00  135.0
  0.722047  0.000000  -1.098753  1.140155e+00  135.0
  0.797388  0.000000  -1.023412  3.547687e+00  135.0
  0.826220  0.000000  -0.976902  5.100793e+00  135.0
  0.863890  0.000000  -0.939232  4.980584e+00  135.0
  0.835059  0.000000  -0.985741  4.339346e+00  135.0
  0.892722  0.000000  -0.892722  3.476894e+00  135.0
  0.723524  0.000000  -1.040083  7.684205e+00  150.0
  0.683637  0.000000  -1.077545  6.319402e+00  150.0
  0.763411  0.000000  -1.002620  5.932461e+00  150.0
  0.723524  0.000000  -1.040083  7.684205e+00  150.0
  0.769661  0.000000  -1.013446  7.262254e+00  150.0
  0.729774  0.000000  -1.050908  7.342444e+00  150.0
  0.689887  0.000000  -1.088371  4.737682e+00  150.0
  0.809548  0.000000  -0.975983  4.531634e+00  150.0
  0.769661  0.000000  -1.013446  7.262254e+00  150.0
  0.729774  0.000000  -1.050908  7.342444e+00  150.0
  0.637500  0.000000  -1.104182  4.343252e+00  150.0
  0.677387  0.000000  -1.066720  6.536502e+00  150.0
  0.769661  0.000000  -1.013446  7.262254e+00  150.0
  0.809548  0.000000  -0.975983  4.531634e+00  150.0
  0.723524  0.000000  -1.040083  7.684205e+00  150.0
  0.815798  0.000000  -0.986808  5.509894e+00  150.0
  0.631250  0.000000  -1.093357  4.409612e+00  150.0
  0.723524  0.000000  -1.040083  7.684205e+00  150.0
  0.769661  0.000000  -1.013446  7.262254e+00  150.0
  0.677387  0.000000  -1.066720  6.536502e+00  150.0
  0.861935  0.000000  -0.960171  3.307591e+00  150.0
  0.769661  0.000000  -1.013446  7.262254e+00  150.0
  0.729774  0.000000  -1.050908  7.342444e+00  150.0
  0.637500  0.000000  -1.104182  4.343252e+00  150.0
  0.597613  0.000000  -1.141645  1.850572e+00  150.0
  0.683637  0.000000  -1.077545  6.319402e+00  150.0
  0.723524  0.000000  -1.040083  7.684205e+00  150.0
  0.763411  0.000000  -1.002620  5.932461e+00  150.0
  0.803298  0.000000  -0.965158  2.821883e+00  150.0
  0.775911  0.000000  -1.024271  6.883253e+00  150.0
  0.612867  0.000000  -1.052232  1.823648e+01  165.0
  0.661091  0.000000  -1.026370  1.602037e+01  165.0
  0.564643  0.000000  -1.078095  1.477579e+01  165.0
  0.612867  0.000000  -1.052232  1.823648e+01  165.0
  0.664326  0.000000  -1.038444  1.644344e+01  165.0
  0.561408  0.000000  -1.066021  1.700009e+01  165.0
  0.712550  0.000000  -1.012581  1.237460e+01  165.0
  0.609632  0.000000  -1.040158  1.751050e+01  165.0
  0.513184  0.000000  -1.091883  1.180418e+01  165.0
  0.561408  0.000000  -1.066021  1.700009e+01  165.0
  0.664326  0.000000  -1.038444  1.644344e+01  165.0
  0.712550  0.000000  -1.012581  1.237460e+01  165.0
  0.760774  0.000000  -0.986719  6.813852e+00  165.0
  0.616102  0.000000  -1.064306  1.554592e+01  165.0
  0.664326  0.000000  -1.038444  1.644344e+01  165.0
  0.712550  0.000000  -1.012581  1.237460e+01  165.0
  0.513184  0.000000  -1.091883  1.180418e+01  165.0
  0.561408  0.000000  -1.066021  1.700009e+01  165.0
  0.609632  0.000000  -1.040158  1.751050e+01  165.0
  0.661091  0.000000  -1.026370  1.602037e+01  165.0
  0.612867  0.000000  -1.052232  1.823648e+01  165.0
  0.509949  0.000000  -1.079809  1.325233e+01  165.0
  0.558172  0.000000  -1.053947  1.614362e+01  165.0
  0.709314  0.000000  -1.000507  1.010708e+01  165.0
  0.661091  0.000000  -1.026370  1.602037e+01  165.0
  0.387619  0.000000  -1.034942  1.531238e+01  165.0
  0.435843  0.000000  -1.009079  1.553892e+01  165.0
  0.764009  0.000000  -0.998793  8.034201e+00  165.0
  0.657855  0.000000  -1.014296  1.280594e+01  165.0
  0.609632  0.000000  -1.040158  1.751050e+01  165.0
  0.000000  0.000000  -0.500000  1.429651e+03  180.0
  -0.053274  0.000000  -0.512500  1.243746e+03  180.0
  0.053274  0.000000  -0.487500  1.216687e+03  180.0
  0.000000  0.000000  -0.500000  1.429651e+03  180.0
  0.106549  0.000000  -0.500000  1.295314e+03  180.0
  0.159823  0.000000  -0.487500  9.919955e+02  180.0
  -0.106549  0.000000  -0.500000  1.295314e+03  180.0
  -0.159823  0.000000  -0.512500  1.010259e+03  180.0
  0.053274  0.000000  -0.512500  1.243746e+03  180.0
  0.106549  0.000000  -0.500000  1.295314e+03  180.0
  -0.053274  0.000000  -0.512500  1.243746e+03  180.0
  0.000000  0.000000  -0.500000  1.429651e+03  180.0
  -0.106549  0.000000  -0.500000  1.295314e+03  180.0
  -0.213097  0.000000  -0.500000  9.174810e+02  180.0
  0.000000  0.000000  -0.500000  1.429651e+03  180.0
  0.106549  0.000000  -0.500000  1.295314e+03  180.0
  0.213097  0.000000  -0.500000  9.174810e+02  180.0
  -0.106549  0.000000  -0.500000  1.295314e+03  180.0
  0.000000  0.000000  -0.500000  1.429651e+03  180.0
  0.106549  0.000000  -0.500000  1.295314e+03  180.0
  0.213097  0.000000  -0.500000  9.174810e+02  180.0
  0.266372  0.000000  -0.487500  6.037180e+02  180.0
  0.159823  0.000000  -0.487500  9.919955e+02  180.0
  0.106549  0.000000  -0.500000  1.295314e+03  180.0
  0.053274  0.000000  -0.512500  1.243746e+03  180.0
  -0.053274  0.000000  -0.512500  1.243746e+03  180.0
  -0.159823  0.000000  -0.512500  1.010259e+03  180.0
  -0.266372  0.000000  -0.512500  6.088947e+02  180.0
  0.000000  0.000000  -0.500000  1.429651e+03  180.0
  -0.106549  0.000000  -0.500000  1.295314e+03  180.0
  -0.612867  0.000000  -1.052232  1.823792e+01  195.0
  -0.558172  0.000000  -1.053947  1.614305e+01  195.0
  -0.667561  0.000000  -1.050518  1.379369e+01  195.0
  -0.612867  0.000000  -1.052232  1.823792e+01  195.0
  -0.664326  0.000000  -1.038444  1.644470e+01  195.0
  -0.561408  0.000000  -1.066021  1.700059e+01  195.0
  -0.506713  0.000000  -1.067735  1.245185e+01  195.0
  -0.609632  0.000000  -1.040158  1.751201e+01  195.0
  -0.664326  0.000000  -1.038444  1.644470e+01  195.0
  -0.719020  0.000000  -1.036730  1.028690e+01  195.0
  -0.439078  0.000000  -1.021153  1.543440e+01  195.0
  -0.384384  0.000000  -1.022868  1.517046e+01  195.0
  -0.493772  0.000000  -1.019439  9.626530e+00  195.0
  -0.439078  0.000000  -1.021153  1.543440e+01  195.0
  -0.364363  0.000000  -0.536476  1.574402e+01  195.0
  -0.419057  0.000000  -0.534762  1.240450e+01  195.0
  -0.309669  0.000000  -0.538190  1.282621e+01  195.0
  -0.364363  0.000000  -0.536476  1.574402e+01  195.0
  -0.616102  0.000000  -1.064306  1.554703e+01  195.0
  -0.561408  0.000000  -1.066021  1.700059e+01  195.0
  -0.506713  0.000000  -1.067735  1.245185e+01  195.0
  -0.452019  0.000000  -1.069449  6.467591e+00  195.0
  -0.387619  0.000000  -1.034942  1.531323e+01  195.0
  -0.332925  0.000000  -1.036656  1.186000e+01  195.0
  -0.490537  0.000000  -1.007365  1.262160e+01  195.0
  -0.435843  0.000000  -1.009079  1.553984e+01  195.0
  -0.415822  0.000000  -0.522687  1.443598e+01  195.0
  -0.312904  0.000000  -0.550264  1.402717e+01  195.0
  -0.258210  0.000000  -0.551979  9.238026e+00  195.0
  -0.361128  0.000000  -0.524402  1.444592e+01  195.0
  -0.723524  0.000000  -1.040083  7.686812e+00  210.0
  -0.775911  0.000000  -1.024271  6.884133e+00  210.0
  -0.671137  0.000000  -1.055895  5.267647e+00  210.0
  -0.723524  0.000000  -1.040083  7.686812e+00  210.0
  -0.769661  0.000000  -1.013446  7.264664e+00  210.0
  -0.677387  0.000000  -1.066720  6.538835e+00  210.0
  -0.822048  0.000000  -0.997634  5.187442e+00  210.0
  -0.729774  0.000000  -1.050908  7.343725e+00  210.0
  -0.625000  0.000000  -1.082532  3.506764e+00  210.0
  -0.677387  0.000000  -1.066720  6.538835e+00  210.0
  -0.769661  0.000000  -1.013446  7.264664e+00  210.0
  -0.822048  0.000000  -0.997634  5.187442e+00  210.0
  -0.874435  0.000000  -0.981822  2.223953e+00  210.0
  -0.717274  0.000000  -1.029257  6.243288e+00  210.0
  -0.769661  0.000000  -1.013446  7.264664e+00  210.0
  -0.822048  0.000000  -0.997634  5.187442e+00  210.0
  -0.625000  0.000000  -1.082532  3.506764e+00  210.0
  -0.677387  0.000000  -1.066720  6.538835e+00  210.0
  -0.729774  0.000000  -1.050908  7.343725e+00  210.0
  -0.775911  0.000000  -1.024271  6.884133e+00  210.0
  -0.723524  0.000000  -1.040083  7.686812e+00  210.0
  -0.631250  0.000000  -1.093357  4.411334e+00  210.0
  -0.683637  0.000000  -1.077545  6.320836e+00  210.0
  -0.775911  0.000000  -1.024271  6.884133e+00  210.0
  -0.828298  0.000000  -1.008459  3.760744e+00  210.0
  -0.769661  0.000000  -1.013446  7.264664e+00  210.0
  -0.717274  0.000000  -1.029257  6.243288e+00  210.0
  -0.822048  0.000000  -0.997634  5.187442e+00  210.0
  -0.769661  0.000000  -1.013446  7.264664e+00  210.0
  -0.874435  0.000000  -0.981822  2.223953e+00  210.0
  -0.826220  0.000000  -0.976902  5.096102e+00  225.0
  -0.872729  0.000000  -0.948071  4.267982e+00  225.0
  -0.779710  0.000000  -1.005734  3.804660e+00  225.0
  -0.826220  0.000000  -0.976902  5.096102e+00  225.0
  -0.863890  0.000000  -0.939232  4.975879e+00  225.0
  -0.817381  0.000000  -0.968064  4.620312e+00  225.0
  -0.910400  0.000000  -0.910400  3.380160e+00  225.0
  -0.863890  0.000000  -0.939232  4.975879e+00  225.0
  -0.788549  0.000000  -1.014573  4.183825e+00  225.0
  -0.742040  0.000000  -1.043405  2.473899e+00  225.0
  -0.826220  0.000000  -0.976902  5.096102e+00  225.0
  -0.779710  0.000000  -1.005734  3.804660e+00  225.0
  -0.733201  0.000000  -1.034566  1.718731e+00  225.0
  -0.901561  0.000000  -0.901561  3.889296e+00  225.0
  -0.855052  0.000000  -0.930393  4.485498e+00  225.0
  -0.779710  0.000000  -1.005734  3.804660e+00  225.0
  -0.948071  0.000000  -0.872729  2.125180e+00  225.0
  -0.901561  0.000000  -0.901561  3.889296e+00  225.0
  -0.826220  0.000000  -0.976902  5.096102e+00  225.0
  -0.872729  0.000000  -0.948071  4.267982e+00  225.0
  -0.948071  0.000000  -0.872729  2.125180e+00  225.0
  -0.788549  0.000000  -1.014573  4.183825e+00  225.0
  -0.863890  0.000000  -0.939232  4.975879e+00  225.0
  -0.939232  0.000000  -0.863890  2.392169e+00  225.0
  -0.826220  0.000000  -0.976902  5.096102e+00  225.0
  -0.901561  0.000000  -0.901561  3.889296e+00  225.0
  -0.750879  0.000000  -1.052244  2.714991e+00  225.0
  -0.826220  0.000000  -0.976902  5.096102e+00  225.0
  -0.863890  0.000000  -0.939232  4.975879e+00  225.0
  -0.817381  0.000000  -0.968064  4.620312e+00  225.0
  -0.895219  0.000000  -0.824435  4.028496e+00  240.0
  -0.932682  0.000000  -0.784548  3.492897e+00  240.0
  -0.857757  0.000000  -0.864322  3.225574e+00  240.0
  -0.895219  0.000000  -0.824435  4.028496e+00  240.0
  -0.868582  0.000000  -0.870572  3.920461e+00  240.0
  -0.906045  0.000000  -0.830685  4.019578e+00  240.0
  -0.831120  0.000000  -0.910459  2.658791e+00  240.0
  -0.868582  0.000000  -0.870572  3.920461e+00  240.0
  -0.943507  0.000000  -0.790798  2.891427e+00  240.0
  -0.906045  0.000000  -0.830685  4.019578e+00  240.0
  -0.959319  0.000000  -0.738411  2.516868e+00  240.0
  -0.921856  0.000000  -0.778298  3.450167e+00  240.0
  -0.868582  0.000000  -0.870572  3.920461e+00  240.0
  -0.831120  0.000000  -0.910459  2.658791e+00  240.0
  -0.793657  0.000000  -0.950346  1.276259e+00  240.0
  -0.841945  0.000000  -0.916709  3.183989e+00  240.0
  -0.879407  0.000000  -0.876822  3.862506e+00  240.0
  -0.932682  0.000000  -0.784548  3.492897e+00  240.0
  -0.895219  0.000000  -0.824435  4.028496e+00  240.0
  -0.970144  0.000000  -0.744661  2.150606e+00  240.0
  -0.932682  0.000000  -0.784548  3.492897e+00  240.0
  -0.841945  0.000000  -0.916709  3.183989e+00  240.0
  -0.804482  0.000000  -0.956596  1.837275e+00  240.0
  -0.895219  0.000000  -0.824435  4.028496e+00  240.0
  -0.857757  0.000000  -0.864322  3.225574e+00  240.0
  -0.868582  0.000000  -0.870572  3.920461e+00  240.0
  -0.831120  0.000000  -0.910459  2.658791e+00  240.0
  -0.906045  0.000000  -0.830685  4.019578e+00  240.0
  -0.868582  0.000000  -0.870572  3.920461e+00  240.0
  -0.841945  0.000000  -0.916709  3.183989e+00  240.0
  -0.484677  0.000000  -0.074715  4.670381e+00  255.0
  -0.510540  0.000000  -0.026491  3.794620e+00  255.0
  -0.458815  0.000000  -0.122939  3.435165e+00  255.0
  -0.484677  0.000000  -0.074715  4.670381e+00  255.0
  -0.498466  0.000000  -0.023256  4.669027e+00  255.0
  -0.472603  0.000000  -0.071480  4.376425e+00  255.0
  -0.524328  0.000000  0.024968  3.006306e+00  255.0
  -0.498466  0.000000  -0.023256  4.669027e+00  255.0
  -0.470889  0.000000  -0.126174  3.695153e+00  255.0
  -0.445026  0.000000  -0.174398  2.054560e+00  255.0
  -0.865978  0.000000  -0.728421  4.100460e+00  255.0
  -0.891841  0.000000  -0.680197  4.003115e+00  255.0
  -0.840116  0.000000  -0.776645  3.266590e+00  255.0
  -0.865978  0.000000  -0.728421  4.100460e+00  255.0
  -0.917703  0.000000  -0.631973  3.041416e+00  255.0
  -0.891841  0.000000  -0.680197  4.003115e+00  255.0
  -0.852190  0.000000  -0.779880  3.724808e+00  255.0
  -0.878052  0.000000  -0.731656  4.089510e+00  255.0
  -0.905629  0.000000  -0.628738  3.422920e+00  255.0
  -0.879767  0.000000  -0.676962  3.950380e+00  255.0
  -0.852190  0.000000  -0.779880  3.724808e+00  255.0
  -0.826327  0.000000  -0.828104  2.650600e+00  255.0
  -0.484677  0.000000  -0.074715  4.670381e+00  255.0
  -0.512254  0.000000  0.028203  3.698526e+00  255.0
  -0.457100  0.000000  -0.177633  2.251337e+00  255.0
  -0.486392  0.000000  -0.020021  4.386863e+00  255.0
  -0.472603  0.000000  -0.071480  4.376425e+00  255.0
  -0.498466  0.000000  -0.023256  4.669027e+00  255.0
  -0.524328  0.000000  0.024968  3.006306e+00  255.0
  -0.550191  0.000000  0.073192  1.132592e+00  255.0
  -0.500000  0.000000  0.426195  1.949172e+02  270.0
  -0.500000  0.000000  0.319646  1.948809e+02  270.0
  -0.500000  0.000000  0.213097  1.919426e+02  270.0
  -0.500000  0.000000  0.532743  1.944960e+02  270.0
  -0.500000  0.000000  0.639292  1.928129e+02  270.0
  -0.500000  0.000000  0.426195  1.949172e+02  270.0
  -0.500000  0.000000  0.319646  1.948809e+02  270.0
  -0.500000  0.000000  0.532743  1.944960e+02  270.0
  -0.500000  0.000000  0.426195  1.949172e+02  270.0
  -0.500000  0.000000  0.745841  1.878778e+02  270.0
  -0.500000  0.000000  0.639292  1.928129e+02  270.0
  -0.500000  0.000000  0.532743  1.944960e+02  270.0
  -0.500000  0.000000  0.852390  1.777883e+02  270.0
  -0.500000  0.000000  0.745841  1.878778e+02  270.0
  -0.500000  0.000000  0.639292  1.928129e+02  270.0
  -0.500000  0.000000  0.532743  1.944960e+02  270.0
  -0.500000  0.000000  0.426195  1.949172e+02  270.0
  -0.500000  0.000000  0.319646  1.948809e+02  270.0
  -0.500000  0.000000  0.213097  1.919426e+02  270.0
  -0.500000  0.000000  0.106549  1.650000e+02  270.0
  -0.500000  0.000000  0.319646  1.948809e+02  270.0
  -0.500000  0.000000  0.426195  1.949172e+02  270.0
  -0.500000  0.000000  0.213097  1.919426e+02  270.0
  -0.500000  0.000000  0.532743  1.944960e+02  270.0
  -0.500000  0.000000  0.319646  1.948809e+02  270.0
  -0.500000  0.000000  0.426195  1.949172e+02  270.0
  -0.500000  0.000000  0.639292  1.928129e+02  270.0
  -0.500000  0.000000  0.532743  1.944960e+02  270.0
  -0.500000  0.000000  0.745841  1.878778e+02  270.0
  -0.500000  0.000000  0.639292  1.928129e+02  270.0
  -0.594985  0.000000  -0.336957  1.365423e+02  285.0
  -0.581196  0.000000  -0.285498  1.361824e+02  285.0
  -0.608773  0.000000  -0.388416  1.334020e+02  285.0
  -0.622561  0.000000  -0.439875  1.259267e+02  285.0
  -0.594985  0.000000  -0.336957  1.365423e+02  285.0
  -0.567408  0.000000  -0.234039  1.336096e+02  285.0
  -0.553619  0.000000  -0.182580  1.310337e+02  285.0
  -0.581196  0.000000  -0.285498  1.361824e+02  285.0
  -0.608773  0.000000  -0.388416  1.334020e+02  285.0
  -0.594985  0.000000  -0.336957  1.365423e+02  285.0
  -0.567408  0.000000  -0.234039  1.336096e+02  285.0
  -0.581196  0.000000  -0.285498  1.361824e+02  285.0
  -0.553619  0.000000  -0.182580  1.310337e+02  285.0
  -0.539831  0.000000  -0.131121  1.306521e+02  285.0
  -0.567408  0.000000  -0.234039  1.336096e+02  285.0
  -0.569122  0.000000  -0.288733  1.352477e+02  285.0
  -0.596699  0.000000  -0.391652  1.255949e+02  285.0
  -0.582911  0.000000  -0.340193  1.320494e+02  285.0
  -0.610487  0.000000  -0.443111  1.156706e+02  285.0
  -0.581196  0.000000  -0.285498  1.361824e+02  285.0
  -0.608773  0.000000  -0.388416  1.334020e+02  285.0
  -0.594985  0.000000  -0.336957  1.365423e+02  285.0
  -0.622561  0.000000  -0.439875  1.259267e+02  285.0
  -0.567408  0.000000  -0.234039  1.336096e+02  285.0
  -0.553619  0.000000  -0.182580  1.310337e+02  285.0
  -0.555334  0.000000  -0.237274  1.357933e+02  285.0
  -0.526043  0.000000  -0.079662  1.303271e+02  285.0
  -0.527757  0.000000  -0.134356  1.350179e+02  285.0
  -0.541545  0.000000  -0.185815  1.351979e+02  285.0
  -0.539831  0.000000  -0.131121  1.306521e+02  285.0
  -1.796024  0.000000  0.114196  9.529236e+00  300.0
  -1.811835  0.000000  0.061809  9.353599e+00  300.0
  -1.827647  0.000000  0.009422  8.920141e+00  300.0
  -1.780212  0.000000  0.166583  9.283381e+00  300.0
  -1.764400  0.000000  0.218970  8.473017e+00  300.0
  -1.796024  0.000000  0.114196  9.529236e+00  300.0
  -1.780212  0.000000  0.166583  9.283381e+00  300.0
  -1.811835  0.000000  0.061809  9.353599e+00  300.0
  -1.796024  0.000000  0.114196  9.529236e+00  300.0
  -1.843459  0.000000  -0.042965  8.200687e+00  300.0
  -1.827647  0.000000  0.009422  8.920141e+00  300.0
  -1.811835  0.000000  0.061809  9.353599e+00  300.0
  -1.769386  0.000000  0.160333  9.430406e+00  300.0
  -1.753575  0.000000  0.212720  8.949927e+00  300.0
  -1.785198  0.000000  0.107946  9.439484e+00  300.0
  -1.769386  0.000000  0.160333  9.430406e+00  300.0
  -1.737763  0.000000  0.265107  7.899136e+00  300.0
  -1.753575  0.000000  0.212720  8.949927e+00  300.0
  -1.726937  0.000000  0.258857  8.386774e+00  300.0
  -1.742749  0.000000  0.206470  9.092939e+00  300.0
  -1.758561  0.000000  0.154083  9.269408e+00  300.0
  -1.801010  0.000000  0.055559  9.182592e+00  300.0
  -1.748588  0.000000  0.271357  7.153646e+00  300.0
  -1.785198  0.000000  0.107946  9.439484e+00  300.0
  -1.769386  0.000000  0.160333  9.430406e+00  300.0
  -1.716112  0.000000  0.252607  8.554150e+00  300.0
  -1.662838  0.000000  0.344881  6.972010e+00  300.0
  -1.764400  0.000000  0.218970  8.473017e+00  300.0
  -1.780212  0.000000  0.166583  9.283381e+00  300.0
  -1.796024  0.000000  0.114196  9.529236e+00  300.0
  -2.273693  0.000000  0.766867  1.286230e+01  315.0
  -2.244861  0.000000  0.813376  1.192376e+01  315.0
  -2.216029  0.000000  0.859886  9.982366e+00  315.0
  -2.256015  0.000000  0.749189  1.221484e+01  315.0
  -2.227183  0.000000  0.795698  1.257187e+01  315.0
  -2.198351  0.000000  0.842208  1.183874e+01  315.0
  -2.123010  0.000000  0.917549  9.402928e+00  315.0
  -2.151842  0.000000  0.871040  1.108506e+01  315.0
  -2.227183  0.000000  0.795698  1.257187e+01  315.0
  -2.256015  0.000000  0.749189  1.221484e+01  315.0
  -2.247176  0.000000  0.740350  1.118013e+01  315.0
  -2.218344  0.000000  0.786860  1.205825e+01  315.0
  -2.189512  0.000000  0.833369  1.201142e+01  315.0
  -2.160681  0.000000  0.879878  1.077620e+01  315.0
  -2.131849  0.000000  0.926388  8.629977e+00  315.0
  -2.236022  0.000000  0.804537  1.253532e+01  315.0
  -2.207190  0.000000  0.851047  1.113651e+01  315.0
  -2.264854  0.000000  0.758028  1.280949e+01  315.0
  -2.236022  0.000000  0.804537  1.253532e+01  315.0
  -2.160681  0.000000  0.879878  1.077620e+01  315.0
  -2.131849  0.000000  0.926388  8.629977e+00  315.0
  -0.729196  0.000000  2.311363  1.282990e+01  315.0
  -0.758028  0.000000  2.264854  1.235450e+01  315.0
  -0.786860  0.000000  2.218344  1.097766e+01  315.0
  -0.746874  0.000000  2.329041  1.133804e+01  315.0
  -0.775705  0.000000  2.282531  1.197583e+01  315.0
  -0.804537  0.000000  2.236022  1.163069e+01  315.0
  -0.879878  0.000000  2.160681  8.969497e+00  315.0
  -0.720357  0.000000  2.302524  1.275044e+01  315.0
  -0.738035  0.000000  2.320202  1.234986e+01  315.0
  -0.582946  0.000000  2.607922  1.807755e+01  330.0
  -0.543059  0.000000  2.645385  1.677582e+01  330.0
  -0.622833  0.000000  2.570460  1.645626e+01  330.0
  -0.582946  0.000000  2.607922  1.807755e+01  330.0
  -0.503172  0.000000  2.682847  1.325613e+01  330.0
  -0.543059  0.000000  2.645385  1.677582e+01  330.0
  -0.675220  0.000000  2.554648  1.570881e+01  330.0
  -0.635333  0.000000  2.592111  1.723275e+01  330.0
  -0.715107  0.000000  2.517186  1.179351e+01  330.0
  -0.675220  0.000000  2.554648  1.570881e+01  330.0
  -0.582946  0.000000  2.607922  1.807755e+01  330.0
  -0.543059  0.000000  2.645385  1.677582e+01  330.0
  -0.450785  0.000000  2.698659  1.252954e+01  330.0
  -0.490672  0.000000  2.661197  1.568522e+01  330.0
  -0.582946  0.000000  2.607922  1.807755e+01  330.0
  -0.622833  0.000000  2.570460  1.645626e+01  330.0
  -0.662720  0.000000  2.532997  1.236882e+01  330.0
  -0.589196  0.000000  2.618748  1.759645e+01  330.0
  -0.496922  0.000000  2.672022  1.497424e+01  330.0
  -0.681470  0.000000  2.565473  1.569363e+01  330.0
  -0.773744  0.000000  2.512199  1.024878e+01  330.0
  -0.589196  0.000000  2.618748  1.759645e+01  330.0
  -0.629083  0.000000  2.581285  1.750007e+01  330.0
  -0.536809  0.000000  2.634560  1.740586e+01  330.0
  -0.496922  0.000000  2.672022  1.497424e+01  330.0
  -0.457035  0.000000  2.709485  1.098428e+01  330.0
  -0.733857  0.000000  2.549661  1.241844e+01  330.0
  -0.549309  0.000000  2.656210  1.498764e+01  330.0
  -0.641583  0.000000  2.602936  1.570724e+01  330.0
  -0.721357  0.000000  2.528011  1.300290e+01  330.0
  -0.316256  0.000000  2.826974  2.518442e+01  345.0
  -0.268032  0.000000  2.852836  2.077309e+01  345.0
  -0.364480  0.000000  2.801111  2.084461e+01  345.0
  -0.316256  0.000000  2.826974  2.518442e+01  345.0
  -0.419174  0.000000  2.799397  1.960959e+01  345.0
  -0.213338  0.000000  2.854551  1.824599e+01  345.0
  -0.316256  0.000000  2.826974  2.518442e+01  345.0
  -0.367715  0.000000  2.813185  2.389670e+01  345.0
  -0.319491  0.000000  2.839048  2.344240e+01  345.0
  -0.271267  0.000000  2.864910  1.563670e+01  345.0
  -0.467398  0.000000  2.773534  1.161757e+01  345.0
  -0.419174  0.000000  2.799397  1.960959e+01  345.0
  -0.370950  0.000000  2.825259  2.299814e+01  345.0
  -0.268032  0.000000  2.852836  2.077309e+01  345.0
  -0.165114  0.000000  2.880413  1.070068e+01  345.0
  -0.319491  0.000000  2.839048  2.344240e+01  345.0
  -0.367715  0.000000  2.813185  2.389670e+01  345.0
  -0.415939  0.000000  2.787323  1.669861e+01  345.0
  -0.216573  0.000000  2.866625  1.599902e+01  345.0
  -0.264797  0.000000  2.840762  2.301226e+01  345.0
  -0.367715  0.000000  2.813185  2.389670e+01  345.0
  -0.470633  0.000000  2.785608  1.384300e+01  345.0
  -0.319491  0.000000  2.839048  2.344240e+01  345.0
  -0.422409  0.000000  2.811471  1.956937e+01  345.0
  -0.216573  0.000000  2.866625  1.599902e+01  345.0
  -0.168349  0.000000  2.892487  7.737437e+00  345.0
  -0.316256  0.000000  2.826974  2.518442e+01  345.0
  -0.268032  0.000000  2.852836  2.077309e+01  345.0
  -0.364480  0.000000  2.801111  2.084461e+01  345.0
  -0.316256  0.000000  2.826974  2.518442e+01  345.0
  0.050756  0.000000  2.900000  1.648428e+01  360.0
  -0.050756  0.000000  2.900000  1.222784e+01  360.0
  0.050756  0.000000  2.900000  1.648428e+01  360.0
  0.152268  0.000000  2.900000  9.535628e+00  360.0
  0.050756  0.000000  2.900000  1.648428e+01  360.0
  -0.050756  0.000000  2.900000  1.222784e+01  360.0
  0.050756  0.000000  2.900000  1.648428e+01  360.0
  0.152268  0.000000  2.900000  9.535628e+00  360.0
  0.050756  0.000000  2.900000  1.648428e+01  360.0
  -0.000000  0.000000  2.887500  1.412622e+01  360.0
  0.101512  0.000000  2.912500  1.190158e+01  360.0
  0.050756  0.000000  2.900000  1.648428e+01  360.0
  -0.050756  0.000000  2.900000  1.222784e+01  360.0
  0.050756  0.000000  2.900000  1.648428e+01  360.0
  0.152268  0.000000  2.900000  9.535628e+00  360.0
  0.050756  0.000000  2.900000  1.648428e+01  360.0
  -0.050756  0.000000  2.900000  1.222784e+01  360.0
  0.050756  0.000000  2.900000  1.648428e+01  360.0
  0.152268  0.000000  2.900000  9.535628e+00  360.0
  0.050756  0.000000  2.900000  1.648428e+01  360.0
  -0.050756  0.000000  2.900000  1.222784e+01  360.0
  0.050756  0.000000  2.900000  1.648428e+01  360.0
  0.152268  0.000000  2.900000  9.535628e+00  360.0
  0.050756  0.000000  2.900000  1.648428e+01  360.0
  -0.050756  0.000000  2.900000  1.222784e+01  360.0
  0.050756  0.000000  2.900000  1.648428e+01  360.0
  0.152268  0.000000  2.900000  9.535628e+00  360.0
  0.050756  0.000000  2.900000  1.648428e+01  360.0
  -0.050756  0.000000  2.900000  1.222784e+01  360.0
  -0.101512  0.000000  2.887500  6.503215e+00  360.0
