0.210211 0.402661 1.000000
0.242970 0.352532 1.000000
0.251685 0.395494 1.000000
0.277785 0.415735 1.000000
0.235698 0.440961 1.000000
0.280620 0.378648 1.000000
-0.213505 0.395412 1.000000
-0.155991 0.417258 1.000000
-0.202424 0.428676 1.000000
-0.191342 0.461940 1.000000
-0.235698 0.440961 1.000000
-0.157351 -0.418414 1.000000
-0.213506 -0.395371 1.000000
-0.202424 -0.428655 1.000000
-0.191342 -0.461940 1.000000
-0.235698 -0.440961 1.000000
-0.132763 0.380098 1.000000
-0.097791 0.398833 1.000000
-0.114936 0.347079 1.000000
-0.165499 0.353268 1.000000
-0.132793 -0.380158 1.000000
-0.165433 -0.353715 1.000000
-0.114566 -0.348639 1.000000
-0.098179 -0.399077 1.000000
-0.304556 0.341806 1.000000
-0.254062 0.340028 1.000000
-0.273620 0.376121 1.000000
-0.317197 0.386505 1.000000
-0.277785 0.415735 1.000000
-0.415735 0.277785 1.000000
-0.401414 0.249208 1.000000
-0.382421 0.278662 1.000000
-0.363781 0.246312 1.000000
-0.341747 0.297578 1.000000
-0.386505 0.317197 1.000000
-0.400640 0.203507 1.000000
-0.440961 0.235698 1.000000
-0.415735 -0.277785 1.000000
-0.382707 -0.278165 1.000000
-0.403008 -0.248142 1.000000
-0.363918 -0.247057 1.000000
-0.400884 -0.203452 1.000000
-0.440961 -0.235698 1.000000
-0.341813 -0.297692 1.000000
-0.386505 -0.317197 1.000000
-0.277785 -0.415735 1.000000
-0.273636 -0.376161 1.000000
-0.254106 -0.340161 1.000000
-0.304562 -0.341852 1.000000
-0.317197 -0.386505 1.000000
0.211628 -0.400509 1.000000
0.235698 -0.440961 1.000000
0.260378 -0.384161 1.000000
0.239545 -0.345480 1.000000
0.277785 -0.415735 1.000000
0.317197 -0.386505 1.000000
0.301556 -0.340447 1.000000
0.346045 -0.302581 1.000000
0.386505 -0.317197 1.000000
0.379712 -0.272400 1.000000
0.344701 -0.244842 1.000000
0.404761 -0.218643 1.000000
0.415735 -0.277785 1.000000
0.415735 0.277785 1.000000
0.379603 0.272159 1.000000
0.404940 0.218722 1.000000
0.343905 0.244436 1.000000
0.386505 0.317197 1.000000
0.346071 0.301615 1.000000
0.302416 0.336259 1.000000
0.317197 0.386505 1.000000
0.011063 -0.000051 1.000000
0.036346 -0.050060 1.000000
0.061073 -0.000051 1.000000
-0.013664 -0.050060 1.000000
-0.038947 -0.000051 1.000000
-0.063674 -0.050060 1.000000
-0.113684 0.149979 1.000000
-0.088957 0.099969 1.000000
-0.063674 0.149979 1.000000
-0.088957 -0.000051 1.000000
-0.138967 0.099969 1.000000
-0.163784 0.149942 1.000000
-0.113684 -0.050060 1.000000
-0.138967 -0.000051 1.000000
-0.113684 0.049959 1.000000
-0.163694 0.049959 1.000000
-0.188977 -0.000051 1.000000
-0.213704 0.049959 1.000000
-0.238987 -0.000051 1.000000
-0.213704 -0.050060 1.000000
-0.163694 -0.050060 1.000000
-0.188977 -0.100070 1.000000
-0.138967 -0.100070 1.000000
-0.163778 -0.150040 1.000000
-0.088957 -0.100070 1.000000
-0.113814 -0.150062 1.000000
-0.038947 -0.100070 1.000000
-0.063829 -0.150078 1.000000
-0.013823 -0.150080 1.000000
-0.038845 -0.200098 1.000000
0.011063 -0.100070 1.000000
0.011102 -0.200089 1.000000
0.036199 -0.150077 1.000000
0.061073 -0.100070 1.000000
0.086356 -0.050060 1.000000
0.086224 -0.150076 1.000000
0.111237 -0.100066 1.000000
0.111254 -0.000051 1.000000
0.086356 0.049959 1.000000
0.136365 -0.050060 1.000000
0.136365 0.049959 1.000000
0.161335 -0.000048 1.000000
0.186375 -0.050060 1.000000
0.211389 -0.000032 1.000000
0.186375 0.049959 1.000000
0.236627 0.049848 1.000000
0.161321 0.099926 1.000000
0.211468 0.099826 1.000000
0.111252 0.099961 1.000000
0.186408 0.149863 1.000000
0.061073 0.099969 1.000000
0.136297 0.149956 1.000000
0.036346 0.049959 1.000000
0.086356 0.149979 1.000000
-0.013664 0.049959 1.000000
0.036346 0.149979 1.000000
0.011063 0.099969 1.000000
-0.063674 0.049959 1.000000
-0.038947 0.099969 1.000000
-0.013664 0.149979 1.000000
0.011205 0.199970 1.000000
-0.038947 0.199989 1.000000
-0.013707 0.250000 1.000000
-0.038916 0.300047 1.000000
0.011332 0.299730 1.000000
-0.063775 0.250045 1.000000
-0.088957 0.199989 1.000000
-0.138793 0.199890 1.000000
-0.113945 0.250015 1.000000
-0.188681 0.199786 1.000000
-0.163660 0.249595 1.000000
-0.213160 0.249274 1.000000
-0.263130 0.248565 1.000000
-0.235976 0.294708 1.000000
-0.238822 0.199863 1.000000
-0.213827 0.149935 1.000000
-0.264040 0.149989 1.000000
-0.289544 0.199684 1.000000
-0.314939 0.150257 1.000000
-0.188977 0.099969 1.000000
-0.289239 0.100021 1.000000
-0.238987 0.099969 1.000000
-0.263714 0.049959 1.000000
-0.314075 0.049991 1.000000
-0.339782 -0.000048 1.000000
-0.365272 0.050238 1.000000
-0.289069 -0.000050 1.000000
-0.314075 -0.050090 1.000000
-0.365272 -0.050328 1.000000
-0.263714 -0.050060 1.000000
-0.289239 -0.100121 1.000000
-0.238987 -0.100070 1.000000
-0.263894 -0.150115 1.000000
-0.238822 -0.199962 1.000000
-0.289557 -0.199971 1.000000
-0.263123 -0.248809 1.000000
-0.213826 -0.150035 1.000000
-0.188680 -0.199886 1.000000
-0.213160 -0.249371 1.000000
-0.235976 -0.294862 1.000000
-0.138784 -0.199992 1.000000
-0.163660 -0.249695 1.000000
-0.088878 -0.200084 1.000000
-0.113993 -0.250087 1.000000
-0.063707 -0.250160 1.000000
-0.089545 -0.300600 1.000000
-0.038909 -0.300237 1.000000
-0.013801 -0.250102 1.000000
0.011316 -0.299844 1.000000
0.036152 -0.249955 1.000000
0.060970 -0.299617 1.000000
0.036959 -0.349034 1.000000
0.061171 -0.200047 1.000000
0.086080 -0.249973 1.000000
0.111217 -0.200069 1.000000
0.136294 -0.150053 1.000000
0.136125 -0.250129 1.000000
0.161334 -0.200062 1.000000
0.161338 -0.100021 1.000000
0.186374 -0.149966 1.000000
0.211481 -0.099890 1.000000
0.236824 -0.149553 1.000000
0.288220 -0.148565 1.000000
0.262699 -0.198580 1.000000
0.315063 -0.196090 1.000000
0.262001 -0.099536 1.000000
0.236580 -0.049906 1.000000
0.312859 -0.099073 1.000000
0.287292 -0.049672 1.000000
0.261910 -0.000020 1.000000
0.312696 -0.000028 1.000000
0.338339 0.049332 1.000000
0.363620 -0.000047 1.000000
0.287363 0.049617 1.000000
0.313038 0.098946 1.000000
0.261904 0.099532 1.000000
0.288202 0.148544 1.000000
0.236773 0.149531 1.000000
0.262690 0.198504 1.000000
0.314893 0.196030 1.000000
0.211704 0.199600 1.000000
0.161334 0.199963 1.000000
0.237514 0.249044 1.000000
0.111239 0.199970 1.000000
0.186607 0.250079 1.000000
0.061235 0.199948 1.000000
0.136135 0.250033 1.000000
0.086100 0.249882 1.000000
0.036194 0.249874 1.000000
0.060970 0.299517 1.000000
0.036960 0.348943 1.000000
0.085865 0.347442 1.000000
0.064628 0.396007 1.000000
0.012562 0.399861 1.000000
0.044210 0.453190 1.000000
-0.016633 0.449892 1.000000
-0.067440 0.447631 1.000000
-0.049009 0.497592 1.000000
-0.013521 0.349947 1.000000
-0.040192 0.399674 1.000000
-0.111108 0.446459 1.000000
-0.097545 0.490393 1.000000
-0.064369 0.350592 1.000000
-0.089454 0.299919 1.000000
-0.139702 0.299754 1.000000
-0.188336 0.297268 1.000000
-0.145142 0.478470 1.000000
-0.211493 0.336165 1.000000
-0.285949 0.295878 1.000000
-0.314373 0.248130 1.000000
-0.342011 0.200449 1.000000
-0.353553 0.353553 1.000000
-0.368474 0.151246 1.000000
-0.340329 0.100223 1.000000
-0.423863 0.149207 1.000000
-0.461940 0.191342 1.000000
-0.392576 0.100263 1.000000
-0.443347 0.100452 1.000000
-0.478470 0.145142 1.000000
-0.460334 0.059625 1.000000
-0.490393 0.097545 1.000000
-0.417303 0.051658 1.000000
-0.454977 -0.000019 1.000000
-0.497592 0.049009 1.000000
-0.392928 -0.000040 1.000000
-0.417303 -0.051723 1.000000
-0.460334 -0.059657 1.000000
-0.497592 -0.049009 1.000000
-0.392576 -0.100336 1.000000
-0.443347 -0.100491 1.000000
-0.490393 -0.097545 1.000000
-0.340329 -0.100315 1.000000
-0.423863 -0.149249 1.000000
-0.478470 -0.145142 1.000000
-0.314939 -0.150350 1.000000
-0.368474 -0.151321 1.000000
-0.342039 -0.200708 1.000000
-0.461940 -0.191342 1.000000
-0.314400 -0.248407 1.000000
-0.285857 -0.295867 1.000000
-0.353553 -0.353553 1.000000
-0.211482 -0.336314 1.000000
-0.188251 -0.297451 1.000000
-0.139247 -0.300025 1.000000
-0.111139 -0.447102 1.000000
-0.145142 -0.478470 1.000000
-0.066711 -0.447396 1.000000
-0.097545 -0.490393 1.000000
-0.064197 -0.350637 1.000000
-0.040148 -0.399728 1.000000
-0.013521 -0.350040 1.000000
-0.016530 -0.449890 1.000000
-0.049009 -0.497592 1.000000
0.012562 -0.399935 1.000000
0.044222 -0.453218 1.000000
-0.000000 -0.500000 1.000000
0.064628 -0.396081 1.000000
0.102220 -0.436517 1.000000
0.097545 -0.490393 1.000000
0.085865 -0.347533 1.000000
0.107905 -0.388573 1.000000
0.110680 -0.299719 1.000000
0.134213 -0.350310 1.000000
0.160864 -0.300716 1.000000
0.211705 -0.199696 1.000000
0.186607 -0.250177 1.000000
0.237514 -0.249138 1.000000
0.153899 -0.410049 1.000000
0.145142 -0.478470 1.000000
0.212721 -0.300631 1.000000
0.185978 -0.352462 1.000000
0.191342 -0.461940 1.000000
0.265002 -0.294665 1.000000
0.289336 -0.246484 1.000000
0.309329 -0.285804 1.000000
0.353553 -0.353553 1.000000
0.363129 -0.191100 1.000000
0.342323 -0.146958 1.000000
0.365324 -0.097935 1.000000
0.338215 -0.049433 1.000000
0.409388 -0.148970 1.000000
0.461940 -0.191342 1.000000
0.445766 -0.108062 1.000000
0.478470 -0.145142 1.000000
0.445324 -0.056746 1.000000
0.490393 -0.097545 1.000000
0.411098 -0.092235 1.000000
0.389695 -0.049459 1.000000
0.466176 -0.000015 1.000000
0.497592 -0.049009 1.000000
0.414952 -0.000034 1.000000
0.445323 0.056711 1.000000
0.497592 0.049009 1.000000
0.445766 0.108026 1.000000
0.490393 0.097545 1.000000
0.389702 0.049388 1.000000
0.411096 0.092193 1.000000
0.365324 0.097851 1.000000
0.409381 0.148985 1.000000
0.478470 0.145142 1.000000
0.342291 0.146945 1.000000
0.362944 0.191296 1.000000
0.461940 0.191342 1.000000
0.289336 0.246399 1.000000
0.309500 0.284737 1.000000
0.265745 0.294924 1.000000
0.353553 0.353553 1.000000
0.212721 0.300545 1.000000
0.160864 0.300623 1.000000
0.185775 0.352825 1.000000
0.110686 0.299627 1.000000
0.134213 0.350226 1.000000
0.153667 0.410365 1.000000
0.191342 0.461940 1.000000
0.107905 0.388500 1.000000
0.102220 0.436475 1.000000
0.145142 0.478470 1.000000
0.097545 0.490393 1.000000
0.000000 0.500000 1.000000
0.049009 -0.497592 1.000000
0.440961 -0.235698 1.000000
0.500000 -0.000000 1.000000
-0.500000 0.000000 1.000000
0.440961 0.235698 1.000000
0.049009 0.497592 1.000000
-0.210211 0.402661 0.000000
-0.242970 0.352532 0.000000
-0.251685 0.395494 0.000000
-0.277785 0.415735 0.000000
-0.235698 0.440961 0.000000
-0.280620 0.378648 0.000000
0.213505 0.395412 0.000000
0.155991 0.417258 0.000000
0.202424 0.428676 0.000000
0.191342 0.461940 0.000000
0.235698 0.440961 0.000000
0.157351 -0.418414 0.000000
0.213506 -0.395371 0.000000
0.202424 -0.428655 0.000000
0.191342 -0.461940 0.000000
0.235698 -0.440961 0.000000
0.132763 0.380098 0.000000
0.097791 0.398833 0.000000
0.114936 0.347079 0.000000
0.165499 0.353268 0.000000
0.132793 -0.380158 0.000000
0.165433 -0.353715 0.000000
0.114566 -0.348639 0.000000
0.098179 -0.399077 0.000000
0.304556 0.341806 0.000000
0.254062 0.340028 0.000000
0.273620 0.376121 0.000000
0.317197 0.386505 0.000000
0.277785 0.415735 0.000000
0.415735 0.277785 0.000000
0.401414 0.249208 0.000000
0.382421 0.278662 0.000000
0.363781 0.246312 0.000000
0.341747 0.297578 0.000000
0.386505 0.317197 0.000000
0.400640 0.203507 0.000000
0.440961 0.235698 0.000000
0.415735 -0.277785 0.000000
0.382707 -0.278165 0.000000
0.403008 -0.248142 0.000000
0.363918 -0.247057 0.000000
0.400884 -0.203452 0.000000
0.440961 -0.235698 0.000000
0.341813 -0.297692 0.000000
0.386505 -0.317197 0.000000
0.277785 -0.415735 0.000000
0.273636 -0.376161 0.000000
0.254106 -0.340161 0.000000
0.304562 -0.341852 0.000000
0.317197 -0.386505 0.000000
-0.211628 -0.400509 0.000000
-0.235698 -0.440961 0.000000
-0.260378 -0.384161 0.000000
-0.239545 -0.345480 0.000000
-0.277785 -0.415735 0.000000
-0.317197 -0.386505 0.000000
-0.301556 -0.340447 0.000000
-0.346045 -0.302581 0.000000
-0.386505 -0.317197 0.000000
-0.379712 -0.272400 0.000000
-0.344701 -0.244842 0.000000
-0.404761 -0.218643 0.000000
-0.415735 -0.277785 0.000000
-0.415735 0.277785 0.000000
-0.379603 0.272159 0.000000
-0.404940 0.218722 0.000000
-0.343905 0.244436 0.000000
-0.386505 0.317197 0.000000
-0.346071 0.301615 0.000000
-0.302416 0.336259 0.000000
-0.317197 0.386505 0.000000
-0.011063 -0.000051 0.000000
-0.036346 -0.050060 0.000000
-0.061073 -0.000051 0.000000
0.013664 -0.050060 0.000000
0.038947 -0.000051 0.000000
0.063674 -0.050060 0.000000
0.113684 0.149979 0.000000
0.088957 0.099969 0.000000
0.063674 0.149979 0.000000
0.088957 -0.000051 0.000000
0.138967 0.099969 0.000000
0.163784 0.149942 0.000000
0.113684 -0.050060 0.000000
0.138967 -0.000051 0.000000
0.113684 0.049959 0.000000
0.163694 0.049959 0.000000
0.188977 -0.000051 0.000000
0.213704 0.049959 0.000000
0.238987 -0.000051 0.000000
0.213704 -0.050060 0.000000
0.163694 -0.050060 0.000000
0.188977 -0.100070 0.000000
0.138967 -0.100070 0.000000
0.163778 -0.150040 0.000000
0.088957 -0.100070 0.000000
0.113814 -0.150062 0.000000
0.038947 -0.100070 0.000000
0.063829 -0.150078 0.000000
0.013823 -0.150080 0.000000
0.038845 -0.200098 0.000000
-0.011063 -0.100070 0.000000
-0.011102 -0.200089 0.000000
-0.036199 -0.150077 0.000000
-0.061073 -0.100070 0.000000
-0.086356 -0.050060 0.000000
-0.086224 -0.150076 0.000000
-0.111237 -0.100066 0.000000
-0.111254 -0.000051 0.000000
-0.086356 0.049959 0.000000
-0.136365 -0.050060 0.000000
-0.136365 0.049959 0.000000
-0.161335 -0.000048 0.000000
-0.186375 -0.050060 0.000000
-0.211389 -0.000032 0.000000
-0.186375 0.049959 0.000000
-0.236627 0.049848 0.000000
-0.161321 0.099926 0.000000
-0.211468 0.099826 0.000000
-0.111252 0.099961 0.000000
-0.186408 0.149863 0.000000
-0.061073 0.099969 0.000000
-0.136297 0.149956 0.000000
-0.036346 0.049959 0.000000
-0.086356 0.149979 0.000000
0.013664 0.049959 0.000000
-0.036346 0.149979 0.000000
-0.011063 0.099969 0.000000
0.063674 0.049959 0.000000
0.038947 0.099969 0.000000
0.013664 0.149979 0.000000
-0.011205 0.199970 0.000000
0.038947 0.199989 0.000000
0.013707 0.250000 0.000000
0.038916 0.300047 0.000000
-0.011332 0.299730 0.000000
0.063775 0.250045 0.000000
0.088957 0.199989 0.000000
0.138793 0.199890 0.000000
0.113945 0.250015 0.000000
0.188681 0.199786 0.000000
0.163660 0.249595 0.000000
0.213160 0.249274 0.000000
0.263130 0.248565 0.000000
0.235976 0.294708 0.000000
0.238822 0.199863 0.000000
0.213827 0.149935 0.000000
0.264040 0.149989 0.000000
0.289544 0.199684 0.000000
0.314939 0.150257 0.000000
0.188977 0.099969 0.000000
0.289239 0.100021 0.000000
0.238987 0.099969 0.000000
0.263714 0.049959 0.000000
0.314075 0.049991 0.000000
0.339782 -0.000048 0.000000
0.365272 0.050238 0.000000
0.289069 -0.000050 0.000000
0.314075 -0.050090 0.000000
0.365272 -0.050328 0.000000
0.263714 -0.050060 0.000000
0.289239 -0.100121 0.000000
0.238987 -0.100070 0.000000
0.263894 -0.150115 0.000000
0.238822 -0.199962 0.000000
0.289557 -0.199971 0.000000
0.263123 -0.248809 0.000000
0.213826 -0.150035 0.000000
0.188680 -0.199886 0.000000
0.213160 -0.249371 0.000000
0.235976 -0.294862 0.000000
0.138784 -0.199992 0.000000
0.163660 -0.249695 0.000000
0.088878 -0.200084 0.000000
0.113993 -0.250087 0.000000
0.063707 -0.250160 0.000000
0.089545 -0.300600 0.000000
0.038909 -0.300237 0.000000
0.013801 -0.250102 0.000000
-0.011316 -0.299844 0.000000
-0.036152 -0.249955 0.000000
-0.060970 -0.299617 0.000000
-0.036959 -0.349034 0.000000
-0.061171 -0.200047 0.000000
-0.086080 -0.249973 0.000000
-0.111217 -0.200069 0.000000
-0.136294 -0.150053 0.000000
-0.136125 -0.250129 0.000000
-0.161334 -0.200062 0.000000
-0.161338 -0.100021 0.000000
-0.186374 -0.149966 0.000000
-0.211481 -0.099890 0.000000
-0.236824 -0.149553 0.000000
-0.288220 -0.148565 0.000000
-0.262699 -0.198580 0.000000
-0.315063 -0.196090 0.000000
-0.262001 -0.099536 0.000000
-0.236580 -0.049906 0.000000
-0.312859 -0.099073 0.000000
-0.287292 -0.049672 0.000000
-0.261910 -0.000020 0.000000
-0.312696 -0.000028 0.000000
-0.338339 0.049332 0.000000
-0.363620 -0.000047 0.000000
-0.287363 0.049617 0.000000
-0.313038 0.098946 0.000000
-0.261904 0.099532 0.000000
-0.288202 0.148544 0.000000
-0.236773 0.149531 0.000000
-0.262690 0.198504 0.000000
-0.314893 0.196030 0.000000
-0.211704 0.199600 0.000000
-0.161334 0.199963 0.000000
-0.237514 0.249044 0.000000
-0.111239 0.199970 0.000000
-0.186607 0.250079 0.000000
-0.061235 0.199948 0.000000
-0.136135 0.250033 0.000000
-0.086100 0.249882 0.000000
-0.036194 0.249874 0.000000
-0.060970 0.299517 0.000000
-0.036960 0.348943 0.000000
-0.085865 0.347442 0.000000
-0.064628 0.396007 0.000000
-0.012562 0.399861 0.000000
-0.044210 0.453190 0.000000
0.016633 0.449892 0.000000
0.067440 0.447631 0.000000
0.049009 0.497592 0.000000
0.013521 0.349947 0.000000
0.040192 0.399674 0.000000
0.111108 0.446459 0.000000
0.097545 0.490393 0.000000
0.064369 0.350592 0.000000
0.089454 0.299919 0.000000
0.139702 0.299754 0.000000
0.188336 0.297268 0.000000
0.145142 0.478470 0.000000
0.211493 0.336165 0.000000
0.285949 0.295878 0.000000
0.314373 0.248130 0.000000
0.342011 0.200449 0.000000
0.353553 0.353553 0.000000
0.368474 0.151246 0.000000
0.340329 0.100223 0.000000
0.423863 0.149207 0.000000
0.461940 0.191342 0.000000
0.392576 0.100263 0.000000
0.443347 0.100452 0.000000
0.478470 0.145142 0.000000
0.460334 0.059625 0.000000
0.490393 0.097545 0.000000
0.417303 0.051658 0.000000
0.454977 -0.000019 0.000000
0.497592 0.049009 0.000000
0.392928 -0.000040 0.000000
0.417303 -0.051723 0.000000
0.460334 -0.059657 0.000000
0.497592 -0.049009 0.000000
0.392576 -0.100336 0.000000
0.443347 -0.100491 0.000000
0.490393 -0.097545 0.000000
0.340329 -0.100315 0.000000
0.423863 -0.149249 0.000000
0.478470 -0.145142 0.000000
0.314939 -0.150350 0.000000
0.368474 -0.151321 0.000000
0.342039 -0.200708 0.000000
0.461940 -0.191342 0.000000
0.314400 -0.248407 0.000000
0.285857 -0.295867 0.000000
0.353553 -0.353553 0.000000
0.211482 -0.336314 0.000000
0.188251 -0.297451 0.000000
0.139247 -0.300025 0.000000
0.111139 -0.447102 0.000000
0.145142 -0.478470 0.000000
0.066711 -0.447396 0.000000
0.097545 -0.490393 0.000000
0.064197 -0.350637 0.000000
0.040148 -0.399728 0.000000
0.013521 -0.350040 0.000000
0.016530 -0.449890 0.000000
0.049009 -0.497592 0.000000
-0.012562 -0.399935 0.000000
-0.044222 -0.453218 0.000000
-0.000000 -0.500000 0.000000
-0.064628 -0.396081 0.000000
-0.102220 -0.436517 0.000000
-0.097545 -0.490393 0.000000
-0.085865 -0.347533 0.000000
-0.107905 -0.388573 0.000000
-0.110680 -0.299719 0.000000
-0.134213 -0.350310 0.000000
-0.160864 -0.300716 0.000000
-0.211705 -0.199696 0.000000
-0.186607 -0.250177 0.000000
-0.237514 -0.249138 0.000000
-0.153899 -0.410049 0.000000
-0.145142 -0.478470 0.000000
-0.212721 -0.300631 0.000000
-0.185978 -0.352462 0.000000
-0.191342 -0.461940 0.000000
-0.265002 -0.294665 0.000000
-0.289336 -0.246484 0.000000
-0.309329 -0.285804 0.000000
-0.353553 -0.353553 0.000000
-0.363129 -0.191100 0.000000
-0.342323 -0.146958 0.000000
-0.365324 -0.097935 0.000000
-0.338215 -0.049433 0.000000
-0.409388 -0.148970 0.000000
-0.461940 -0.191342 0.000000
-0.445766 -0.108062 0.000000
-0.478470 -0.145142 0.000000
-0.445324 -0.056746 0.000000
-0.490393 -0.097545 0.000000
-0.411098 -0.092235 0.000000
-0.389695 -0.049459 0.000000
-0.466176 -0.000015 0.000000
-0.497592 -0.049009 0.000000
-0.414952 -0.000034 0.000000
-0.445323 0.056711 0.000000
-0.497592 0.049009 0.000000
-0.445766 0.108026 0.000000
-0.490393 0.097545 0.000000
-0.389702 0.049388 0.000000
-0.411096 0.092193 0.000000
-0.365324 0.097851 0.000000
-0.409381 0.148985 0.000000
-0.478470 0.145142 0.000000
-0.342291 0.146945 0.000000
-0.362944 0.191296 0.000000
-0.461940 0.191342 0.000000
-0.289336 0.246399 0.000000
-0.309500 0.284737 0.000000
-0.265745 0.294924 0.000000
-0.353553 0.353553 0.000000
-0.212721 0.300545 0.000000
-0.160864 0.300623 0.000000
-0.185775 0.352825 0.000000
-0.110686 0.299627 0.000000
-0.134213 0.350226 0.000000
-0.153667 0.410365 0.000000
-0.191342 0.461940 0.000000
-0.107905 0.388500 0.000000
-0.102220 0.436475 0.000000
-0.145142 0.478470 0.000000
-0.097545 0.490393 0.000000
0.000000 0.500000 0.000000
-0.049009 -0.497592 0.000000
-0.440961 -0.235698 0.000000
-0.500000 0.000000 0.000000
0.500000 -0.000000 0.000000
-0.440961 0.235698 0.000000
-0.049009 0.497592 0.000000
0.024069 -0.499420 0.973322
-0.000000 -0.500000 0.950000
0.046672 -0.497817 0.940585
0.498948 -0.032414 0.968185
0.500000 -0.000000 0.950000
0.494656 -0.072909 0.961278
0.498487 -0.038865 0.928680
0.250846 -0.432523 0.036888
0.204925 -0.456077 0.049904
0.245034 -0.435842 0.082215
0.290715 -0.406798 0.049953
0.498191 -0.042490 0.879993
0.500000 -0.000000 0.900000
0.420708 -0.270194 0.611083
0.391626 -0.310852 0.586356
0.420708 -0.270194 0.561073
0.391626 -0.310852 0.636365
0.420708 -0.270194 0.661093
0.391626 -0.310852 0.686375
0.420708 -0.270194 0.711103
0.420708 -0.270194 0.761113
0.445585 -0.226834 0.736385
0.391626 -0.310852 0.736385
0.391639 -0.310835 0.786442
0.358629 -0.348404 0.761113
0.358629 -0.348404 0.711103
0.322047 -0.382473 0.736385
0.358629 -0.348404 0.661093
0.322047 -0.382473 0.686375
0.358629 -0.348404 0.611083
0.322047 -0.382473 0.636365
0.358629 -0.348404 0.561073
0.322047 -0.382473 0.586356
0.282247 -0.412719 0.511063
0.282247 -0.412719 0.561073
0.239625 -0.438839 0.536346
0.322047 -0.382473 0.536346
0.322047 -0.382473 0.486336
0.420708 -0.270194 0.361033
0.391626 -0.310852 0.336306
0.420708 -0.270194 0.311023
0.391626 -0.310852 0.386316
0.358629 -0.348404 0.411043
0.391626 -0.310852 0.436326
0.358629 -0.348404 0.461053
0.322047 -0.382473 0.436326
0.358629 -0.348404 0.361033
0.322047 -0.382473 0.386316
0.358629 -0.348404 0.311023
0.322047 -0.382473 0.336306
0.282247 -0.412719 0.311023
0.322047 -0.382473 0.286296
0.282247 -0.412719 0.261013
0.358629 -0.348404 0.261013
0.322047 -0.382473 0.236286
0.391626 -0.310852 0.286296
0.358645 -0.348387 0.210960
0.391626 -0.310852 0.236286
0.420708 -0.270194 0.261013
0.391726 -0.310727 0.186052
0.359044 -0.347977 0.160370
0.465950 -0.181359 0.210962
0.445650 -0.226707 0.186052
0.466113 -0.180939 0.160371
0.420719 -0.270176 0.210960
0.445585 -0.226834 0.236286
0.465943 -0.181376 0.261014
0.481483 -0.134812 0.235738
0.445585 -0.226834 0.286296
0.465943 -0.181376 0.311024
0.445585 -0.226834 0.336306
0.465943 -0.181376 0.361034
0.481483 -0.134812 0.335756
0.445585 -0.226834 0.386316
0.420708 -0.270194 0.411043
0.465943 -0.181376 0.411044
0.445585 -0.226834 0.436326
0.420708 -0.270194 0.461053
0.391626 -0.310852 0.486336
0.445585 -0.226834 0.486336
0.358629 -0.348404 0.511063
0.420708 -0.270194 0.511063
0.391626 -0.310852 0.536346
0.465943 -0.181376 0.461054
0.481483 -0.134812 0.435775
0.465943 -0.181376 0.511063
0.445585 -0.226834 0.536346
0.465943 -0.181376 0.561073
0.481483 -0.134812 0.535793
0.445585 -0.226834 0.586356
0.465943 -0.181376 0.611083
0.445585 -0.226834 0.636365
0.465943 -0.181376 0.661093
0.481483 -0.134812 0.635812
0.445585 -0.226834 0.686375
0.465943 -0.181376 0.711103
0.465943 -0.181376 0.761113
0.481463 -0.134885 0.735754
0.481469 -0.134862 0.785824
0.465991 -0.181251 0.811372
0.481538 -0.134616 0.836327
0.466378 -0.180253 0.862833
0.482186 -0.132275 0.889317
0.445594 -0.226817 0.786442
0.445812 -0.226388 0.837118
0.420790 -0.270066 0.811372
0.421392 -0.269125 0.862653
0.446733 -0.224565 0.890009
0.391976 -0.310411 0.837118
0.359617 -0.347384 0.862653
0.393401 -0.308602 0.890009
0.358747 -0.348282 0.811372
0.322527 -0.382069 0.837118
0.322066 -0.382457 0.786442
0.282401 -0.412613 0.811372
0.282247 -0.412719 0.761113
0.239648 -0.438827 0.786442
0.239625 -0.438839 0.736385
0.194609 -0.460573 0.761113
0.194799 -0.460493 0.811372
0.147684 -0.477692 0.785886
0.282247 -0.412719 0.711103
0.147656 -0.477700 0.735830
0.194609 -0.460573 0.711103
0.282247 -0.412719 0.661093
0.239625 -0.438839 0.686375
0.282247 -0.412719 0.611083
0.239625 -0.438839 0.636365
0.239625 -0.438839 0.586356
0.194609 -0.460573 0.611083
0.194609 -0.460573 0.561073
0.239625 -0.438839 0.486336
0.194609 -0.460573 0.511063
0.147656 -0.477700 0.535793
0.282247 -0.412719 0.461053
0.147656 -0.477700 0.485784
0.194609 -0.460573 0.461054
0.282247 -0.412719 0.411043
0.239625 -0.438839 0.436326
0.282247 -0.412719 0.361033
0.239625 -0.438839 0.386316
0.239625 -0.438839 0.336306
0.194609 -0.460573 0.361034
0.239625 -0.438839 0.286296
0.194609 -0.460573 0.311024
0.147656 -0.477700 0.285747
0.194609 -0.460573 0.261014
0.147656 -0.477700 0.235738
0.239625 -0.438839 0.236286
0.194635 -0.460562 0.210962
0.282268 -0.412704 0.210960
0.239797 -0.438745 0.186052
0.322184 -0.382358 0.186052
0.282790 -0.412347 0.160370
0.323190 -0.381508 0.134959
0.330904 -0.374837 0.036888
0.326323 -0.378831 0.082215
0.365072 -0.341646 0.049953
0.398073 -0.302552 0.036888
0.360732 -0.346226 0.107844
0.394744 -0.306883 0.082215
0.392460 -0.309798 0.134959
0.425157 -0.263137 0.049953
0.422164 -0.267914 0.107844
0.420995 -0.269746 0.160370
0.446125 -0.225771 0.134959
0.449739 -0.218483 0.036888
0.447600 -0.222833 0.082215
0.466807 -0.179140 0.107846
0.468587 -0.174431 0.049954
0.482578 -0.130837 0.081878
0.483774 -0.126345 0.036761
0.498826 -0.034241 0.036049
0.493387 -0.081053 0.049253
0.498334 -0.040786 0.079250
0.500000 -0.000000 0.050000
0.492473 -0.086429 0.106294
0.498147 -0.043009 0.129739
0.500000 -0.000000 0.100000
0.481769 -0.133785 0.134455
0.492167 -0.088155 0.158305
0.481516 -0.134692 0.185505
0.498098 -0.043565 0.180133
0.500000 -0.000000 0.150000
0.492100 -0.088532 0.208765
0.498092 -0.043641 0.230233
0.500000 -0.000000 0.200000
0.492097 -0.088547 0.258815
0.481483 -0.134812 0.285747
0.498092 -0.043641 0.280238
0.500000 -0.000000 0.250000
0.492097 -0.088547 0.308823
0.498092 -0.043641 0.330242
0.500000 -0.000000 0.300000
0.492097 -0.088547 0.358830
0.481483 -0.134812 0.385766
0.498092 -0.043641 0.380246
0.500000 -0.000000 0.350000
0.492097 -0.088547 0.408838
0.498092 -0.043641 0.430251
0.500000 -0.000000 0.400000
0.492097 -0.088547 0.458845
0.481483 -0.134812 0.485784
0.498092 -0.043641 0.480255
0.500000 -0.000000 0.450000
0.492097 -0.088547 0.508853
0.498092 -0.043641 0.530259
0.500000 -0.000000 0.500000
0.492097 -0.088547 0.558860
0.481483 -0.134812 0.585802
0.498092 -0.043641 0.580263
0.500000 -0.000000 0.550000
0.492097 -0.088547 0.608868
0.498092 -0.043641 0.630268
0.500000 -0.000000 0.600000
0.492080 -0.088644 0.658800
0.481483 -0.134812 0.685821
0.498092 -0.043641 0.680272
0.500000 -0.000000 0.650000
0.492079 -0.088645 0.708805
0.498092 -0.043641 0.730276
0.500000 -0.000000 0.700000
0.492079 -0.088648 0.758815
0.498087 -0.043696 0.780252
0.500000 -0.000000 0.750000
0.492066 -0.088717 0.808910
0.498088 -0.043689 0.830254
0.500000 -0.000000 0.800000
0.500000 -0.000000 0.850000
0.492220 -0.087862 0.859395
0.492914 -0.083880 0.911457
0.483405 -0.127750 0.948549
0.469228 -0.172699 0.962943
0.467701 -0.176794 0.917221
0.449089 -0.219816 0.948849
0.425985 -0.261795 0.962178
0.423263 -0.266173 0.915985
0.397060 -0.303880 0.948849
0.366276 -0.340355 0.962178
0.362324 -0.344560 0.915985
0.329508 -0.376065 0.948849
0.324480 -0.380411 0.890009
0.283542 -0.411830 0.862653
0.292302 -0.405660 0.962178
0.287097 -0.409359 0.915985
0.240231 -0.438508 0.837118
0.242666 -0.437165 0.890036
0.196050 -0.459961 0.862694
0.249008 -0.433584 0.948900
0.200086 -0.458220 0.916141
0.206525 -0.455354 0.962342
0.100028 -0.489892 0.966122
0.156429 -0.474900 0.949275
0.101112 -0.489670 0.913309
0.150210 -0.476903 0.889471
0.050147 -0.497479 0.881640
-0.000000 -0.500000 0.900000
0.099829 -0.489933 0.860072
0.148158 -0.477545 0.836519
0.099323 -0.490036 0.809046
0.049931 -0.497501 0.830521
-0.000000 -0.500000 0.850000
0.099243 -0.490052 0.758890
0.049862 -0.497508 0.780283
-0.000000 -0.500000 0.800000
0.099243 -0.490052 0.708883
0.147656 -0.477700 0.685821
0.194609 -0.460573 0.661093
0.049862 -0.497508 0.730276
-0.000000 -0.500000 0.750000
0.049862 -0.497508 0.680272
-0.000000 -0.500000 0.700000
0.147656 -0.477700 0.635812
0.099243 -0.490052 0.658875
0.049862 -0.497508 0.630268
-0.000000 -0.500000 0.650000
0.099243 -0.490052 0.608868
0.147656 -0.477700 0.585802
0.099243 -0.490052 0.558860
0.049862 -0.497508 0.580263
-0.000000 -0.500000 0.600000
0.099243 -0.490052 0.508853
0.049862 -0.497508 0.530259
-0.000000 -0.500000 0.550000
0.099243 -0.490052 0.458845
0.147656 -0.477700 0.435775
0.194609 -0.460573 0.411044
0.049862 -0.497508 0.480255
-0.000000 -0.500000 0.500000
0.049862 -0.497508 0.430251
-0.000000 -0.500000 0.450000
0.147656 -0.477700 0.385766
0.099243 -0.490052 0.408838
0.049862 -0.497508 0.380246
-0.000000 -0.500000 0.400000
0.099243 -0.490052 0.358830
0.147656 -0.477700 0.335756
0.099243 -0.490052 0.308823
0.049862 -0.497508 0.330242
-0.000000 -0.500000 0.350000
0.099243 -0.490052 0.258815
0.049862 -0.497508 0.280238
-0.000000 -0.500000 0.300000
0.099273 -0.490046 0.208765
0.147861 -0.477637 0.185505
0.195275 -0.460291 0.160371
0.049862 -0.497508 0.230233
-0.000000 -0.500000 0.250000
0.241069 -0.438048 0.134959
0.049950 -0.497499 0.180103
-0.000000 -0.500000 0.200000
0.285006 -0.410818 0.107844
0.099789 -0.489941 0.158218
0.149223 -0.477213 0.134373
0.197951 -0.459146 0.107819
0.160590 -0.473509 0.036519
0.153609 -0.475819 0.081615
0.050494 -0.497444 0.129482
-0.000000 -0.500000 0.150000
0.102019 -0.489481 0.105862
0.051929 -0.497296 0.077913
-0.000000 -0.500000 0.100000
0.108732 -0.488034 0.048063
0.051196 -0.497372 0.029666
-0.000000 -0.500000 0.050000
-0.499419 -0.024092 0.973296
-0.500000 0.000000 0.950000
-0.497817 -0.046674 0.940582
-0.032477 -0.498944 0.968203
-0.073300 -0.494598 0.960965
-0.038988 -0.498478 0.928932
-0.432523 -0.250846 0.036888
-0.456077 -0.204925 0.049904
-0.435842 -0.245034 0.082215
-0.406798 -0.290715 0.049953
-0.042587 -0.498183 0.880097
-0.270194 -0.420708 0.611083
-0.310852 -0.391626 0.586356
-0.270194 -0.420708 0.561073
-0.310852 -0.391626 0.636365
-0.270194 -0.420708 0.661093
-0.310852 -0.391626 0.686375
-0.270194 -0.420708 0.711103
-0.270194 -0.420708 0.761113
-0.226834 -0.445585 0.736385
-0.310852 -0.391626 0.736385
-0.310835 -0.391639 0.786442
-0.348404 -0.358629 0.761113
-0.348404 -0.358629 0.711103
-0.382473 -0.322047 0.736385
-0.348404 -0.358629 0.661093
-0.382473 -0.322047 0.686375
-0.348404 -0.358629 0.611083
-0.382473 -0.322047 0.636365
-0.348404 -0.358629 0.561073
-0.382473 -0.322047 0.586356
-0.412719 -0.282247 0.511063
-0.412719 -0.282247 0.561073
-0.438839 -0.239625 0.536346
-0.382473 -0.322047 0.536346
-0.382473 -0.322047 0.486336
-0.270194 -0.420708 0.361033
-0.310852 -0.391626 0.336306
-0.270194 -0.420708 0.311023
-0.310852 -0.391626 0.386316
-0.348404 -0.358629 0.411043
-0.310852 -0.391626 0.436326
-0.348404 -0.358629 0.461053
-0.382473 -0.322047 0.436326
-0.348404 -0.358629 0.361033
-0.382473 -0.322047 0.386316
-0.348404 -0.358629 0.311023
-0.382473 -0.322047 0.336306
-0.412719 -0.282247 0.311023
-0.382473 -0.322047 0.286296
-0.412719 -0.282247 0.261013
-0.348404 -0.358629 0.261013
-0.382473 -0.322047 0.236286
-0.310852 -0.391626 0.286296
-0.348387 -0.358645 0.210960
-0.310852 -0.391626 0.236286
-0.270194 -0.420708 0.261013
-0.310727 -0.391726 0.186052
-0.347977 -0.359044 0.160370
-0.181359 -0.465950 0.210962
-0.226707 -0.445650 0.186052
-0.180939 -0.466113 0.160371
-0.270176 -0.420719 0.210960
-0.226834 -0.445585 0.236286
-0.181376 -0.465943 0.261014
-0.134812 -0.481483 0.235738
-0.226834 -0.445585 0.286296
-0.181376 -0.465943 0.311024
-0.226834 -0.445585 0.336306
-0.181376 -0.465943 0.361034
-0.134812 -0.481483 0.335756
-0.226834 -0.445585 0.386316
-0.270194 -0.420708 0.411043
-0.181376 -0.465943 0.411044
-0.226834 -0.445585 0.436326
-0.270194 -0.420708 0.461053
-0.310852 -0.391626 0.486336
-0.226834 -0.445585 0.486336
-0.348404 -0.358629 0.511063
-0.270194 -0.420708 0.511063
-0.310852 -0.391626 0.536346
-0.181376 -0.465943 0.461054
-0.134812 -0.481483 0.435775
-0.181376 -0.465943 0.511063
-0.226834 -0.445585 0.536346
-0.181376 -0.465943 0.561073
-0.134812 -0.481483 0.535793
-0.226834 -0.445585 0.586356
-0.181376 -0.465943 0.611083
-0.226834 -0.445585 0.636365
-0.181376 -0.465943 0.661093
-0.134812 -0.481483 0.635812
-0.226834 -0.445585 0.686375
-0.181376 -0.465943 0.711103
-0.181376 -0.465943 0.761113
-0.134885 -0.481463 0.735754
-0.134979 -0.481436 0.785718
-0.181251 -0.465991 0.811372
-0.134616 -0.481538 0.836378
-0.180255 -0.466378 0.862834
-0.132348 -0.482166 0.889394
-0.226817 -0.445594 0.786442
-0.226388 -0.445812 0.837118
-0.270066 -0.420790 0.811372
-0.269125 -0.421392 0.862653
-0.224565 -0.446733 0.890009
-0.310411 -0.391976 0.837118
-0.347384 -0.359617 0.862653
-0.308602 -0.393401 0.890009
-0.348282 -0.358747 0.811372
-0.382069 -0.322527 0.837118
-0.382457 -0.322066 0.786442
-0.412613 -0.282401 0.811372
-0.412719 -0.282247 0.761113
-0.438827 -0.239648 0.786442
-0.438839 -0.239625 0.736385
-0.460573 -0.194609 0.761113
-0.460493 -0.194799 0.811372
-0.477692 -0.147684 0.785886
-0.412719 -0.282247 0.711103
-0.477700 -0.147656 0.735830
-0.460573 -0.194609 0.711103
-0.412719 -0.282247 0.661093
-0.438839 -0.239625 0.686375
-0.412719 -0.282247 0.611083
-0.438839 -0.239625 0.636365
-0.438839 -0.239625 0.586356
-0.460573 -0.194609 0.611083
-0.460573 -0.194609 0.561073
-0.438839 -0.239625 0.486336
-0.460573 -0.194609 0.511063
-0.477700 -0.147656 0.535793
-0.412719 -0.282247 0.461053
-0.477700 -0.147656 0.485784
-0.460573 -0.194609 0.461054
-0.412719 -0.282247 0.411043
-0.438839 -0.239625 0.436326
-0.412719 -0.282247 0.361033
-0.438839 -0.239625 0.386316
-0.438839 -0.239625 0.336306
-0.460573 -0.194609 0.361034
-0.438839 -0.239625 0.286296
-0.460573 -0.194609 0.311024
-0.477700 -0.147656 0.285747
-0.460573 -0.194609 0.261014
-0.477700 -0.147656 0.235738
-0.438839 -0.239625 0.236286
-0.460562 -0.194635 0.210962
-0.412704 -0.282268 0.210960
-0.438745 -0.239797 0.186052
-0.382358 -0.322184 0.186052
-0.412347 -0.282790 0.160370
-0.381508 -0.323190 0.134959
-0.374837 -0.330904 0.036888
-0.378831 -0.326323 0.082215
-0.341646 -0.365072 0.049953
-0.302552 -0.398073 0.036888
-0.346226 -0.360732 0.107844
-0.306883 -0.394744 0.082215
-0.309798 -0.392460 0.134959
-0.263137 -0.425157 0.049953
-0.267914 -0.422164 0.107844
-0.269746 -0.420995 0.160370
-0.225771 -0.446125 0.134959
-0.218483 -0.449739 0.036888
-0.222833 -0.447600 0.082215
-0.179140 -0.466807 0.107846
-0.174431 -0.468587 0.049954
-0.130837 -0.482578 0.081878
-0.126345 -0.483774 0.036761
-0.034241 -0.498826 0.036049
-0.081053 -0.493387 0.049253
-0.040786 -0.498334 0.079250
-0.086429 -0.492473 0.106294
-0.043009 -0.498147 0.129739
-0.133785 -0.481769 0.134455
-0.088155 -0.492167 0.158305
-0.134692 -0.481516 0.185505
-0.043565 -0.498098 0.180133
-0.088532 -0.492100 0.208765
-0.043641 -0.498092 0.230233
-0.088547 -0.492097 0.258815
-0.134812 -0.481483 0.285747
-0.043641 -0.498092 0.280238
-0.088547 -0.492097 0.308823
-0.043641 -0.498092 0.330242
-0.088547 -0.492097 0.358830
-0.134812 -0.481483 0.385766
-0.043641 -0.498092 0.380246
-0.088547 -0.492097 0.408838
-0.043641 -0.498092 0.430251
-0.088547 -0.492097 0.458845
-0.134812 -0.481483 0.485784
-0.043641 -0.498092 0.480255
-0.088547 -0.492097 0.508853
-0.043641 -0.498092 0.530259
-0.088547 -0.492097 0.558860
-0.134812 -0.481483 0.585802
-0.043641 -0.498092 0.580263
-0.088547 -0.492097 0.608868
-0.043714 -0.498085 0.630192
-0.088547 -0.492097 0.658875
-0.134812 -0.481483 0.685821
-0.043714 -0.498085 0.680196
-0.088649 -0.492079 0.708802
-0.043715 -0.498085 0.730200
-0.088831 -0.492046 0.758675
-0.043756 -0.498082 0.780190
-0.089019 -0.492012 0.808649
-0.043793 -0.498078 0.830118
-0.087990 -0.492197 0.859437
-0.084076 -0.492881 0.911728
-0.127750 -0.483405 0.948549
-0.172700 -0.469228 0.962944
-0.176824 -0.467689 0.917226
-0.219816 -0.449089 0.948849
-0.261795 -0.425985 0.962178
-0.266173 -0.423263 0.915985
-0.303880 -0.397060 0.948849
-0.340355 -0.366276 0.962178
-0.344560 -0.362324 0.915985
-0.376065 -0.329508 0.948849
-0.380411 -0.324480 0.890009
-0.411830 -0.283542 0.862653
-0.405660 -0.292302 0.962178
-0.409359 -0.287097 0.915985
-0.438508 -0.240231 0.837118
-0.437165 -0.242666 0.890036
-0.459961 -0.196050 0.862694
-0.433584 -0.249008 0.948900
-0.458220 -0.200086 0.916141
-0.455354 -0.206525 0.962342
-0.489892 -0.100028 0.966122
-0.474900 -0.156429 0.949275
-0.489670 -0.101112 0.913309
-0.476903 -0.150210 0.889471
-0.497479 -0.050147 0.881640
-0.500000 0.000000 0.900000
-0.489933 -0.099829 0.860072
-0.477545 -0.148158 0.836519
-0.490036 -0.099323 0.809046
-0.497501 -0.049931 0.830521
-0.500000 0.000000 0.850000
-0.490052 -0.099243 0.758890
-0.497508 -0.049862 0.780283
-0.500000 0.000000 0.800000
-0.490052 -0.099243 0.708883
-0.477700 -0.147656 0.685821
-0.460573 -0.194609 0.661093
-0.497508 -0.049862 0.730276
-0.500000 0.000000 0.750000
-0.497508 -0.049862 0.680272
-0.500000 0.000000 0.700000
-0.477700 -0.147656 0.635812
-0.490052 -0.099243 0.658875
-0.497508 -0.049862 0.630268
-0.500000 0.000000 0.650000
-0.490052 -0.099243 0.608868
-0.477700 -0.147656 0.585802
-0.490052 -0.099243 0.558860
-0.497508 -0.049862 0.580263
-0.500000 0.000000 0.600000
-0.490052 -0.099243 0.508853
-0.497508 -0.049862 0.530259
-0.500000 0.000000 0.550000
-0.490052 -0.099243 0.458845
-0.477700 -0.147656 0.435775
-0.460573 -0.194609 0.411044
-0.497508 -0.049862 0.480255
-0.500000 0.000000 0.500000
-0.497508 -0.049862 0.430251
-0.500000 0.000000 0.450000
-0.477700 -0.147656 0.385766
-0.490052 -0.099243 0.408838
-0.497508 -0.049862 0.380246
-0.500000 0.000000 0.400000
-0.490052 -0.099243 0.358830
-0.477700 -0.147656 0.335756
-0.490052 -0.099243 0.308823
-0.497508 -0.049862 0.330242
-0.500000 0.000000 0.350000
-0.490052 -0.099243 0.258815
-0.497508 -0.049862 0.280238
-0.500000 0.000000 0.300000
-0.490046 -0.099273 0.208765
-0.477637 -0.147861 0.185505
-0.460291 -0.195275 0.160371
-0.497508 -0.049862 0.230233
-0.500000 0.000000 0.250000
-0.438048 -0.241069 0.134959
-0.497499 -0.049950 0.180103
-0.500000 0.000000 0.200000
-0.410818 -0.285006 0.107844
-0.489941 -0.099789 0.158218
-0.477213 -0.149223 0.134373
-0.459146 -0.197951 0.107819
-0.473509 -0.160590 0.036519
-0.475819 -0.153609 0.081615
-0.497444 -0.050494 0.129482
-0.500000 0.000000 0.150000
-0.489481 -0.102019 0.105862
-0.497296 -0.051929 0.077913
-0.500000 0.000000 0.100000
-0.488034 -0.108732 0.048063
-0.497372 -0.051196 0.029666
-0.500000 0.000000 0.050000
0.499419 0.024092 0.973296
0.497817 0.046674 0.940582
0.032477 0.498944 0.968203
0.000000 0.500000 0.950000
0.073300 0.494598 0.960965
0.038988 0.498478 0.928932
0.432523 0.250846 0.036888
0.456077 0.204925 0.049904
0.435842 0.245034 0.082215
0.406798 0.290715 0.049953
0.042587 0.498183 0.880097
0.000000 0.500000 0.900000
0.270194 0.420708 0.611083
0.310852 0.391626 0.586356
0.270194 0.420708 0.561073
0.310852 0.391626 0.636365
0.270194 0.420708 0.661093
0.310852 0.391626 0.686375
0.270194 0.420708 0.711103
0.270194 0.420708 0.761113
0.226834 0.445585 0.736385
0.310852 0.391626 0.736385
0.310835 0.391639 0.786442
0.348404 0.358629 0.761113
0.348404 0.358629 0.711103
0.382473 0.322047 0.736385
0.348404 0.358629 0.661093
0.382473 0.322047 0.686375
0.348404 0.358629 0.611083
0.382473 0.322047 0.636365
0.348404 0.358629 0.561073
0.382473 0.322047 0.586356
0.412719 0.282247 0.511063
0.412719 0.282247 0.561073
0.438839 0.239625 0.536346
0.382473 0.322047 0.536346
0.382473 0.322047 0.486336
0.270194 0.420708 0.361033
0.310852 0.391626 0.336306
0.270194 0.420708 0.311023
0.310852 0.391626 0.386316
0.348404 0.358629 0.411043
0.310852 0.391626 0.436326
0.348404 0.358629 0.461053
0.382473 0.322047 0.436326
0.348404 0.358629 0.361033
0.382473 0.322047 0.386316
0.348404 0.358629 0.311023
0.382473 0.322047 0.336306
0.412719 0.282247 0.311023
0.382473 0.322047 0.286296
0.412719 0.282247 0.261013
0.348404 0.358629 0.261013
0.382473 0.322047 0.236286
0.310852 0.391626 0.286296
0.348387 0.358645 0.210960
0.310852 0.391626 0.236286
0.270194 0.420708 0.261013
0.310727 0.391726 0.186052
0.347977 0.359044 0.160370
0.181359 0.465950 0.210962
0.226707 0.445650 0.186052
0.180939 0.466113 0.160371
0.270176 0.420719 0.210960
0.226834 0.445585 0.236286
0.181376 0.465943 0.261014
0.134812 0.481483 0.235738
0.226834 0.445585 0.286296
0.181376 0.465943 0.311024
0.226834 0.445585 0.336306
0.181376 0.465943 0.361034
0.134812 0.481483 0.335756
0.226834 0.445585 0.386316
0.270194 0.420708 0.411043
0.181376 0.465943 0.411044
0.226834 0.445585 0.436326
0.270194 0.420708 0.461053
0.310852 0.391626 0.486336
0.226834 0.445585 0.486336
0.348404 0.358629 0.511063
0.270194 0.420708 0.511063
0.310852 0.391626 0.536346
0.181376 0.465943 0.461054
0.134812 0.481483 0.435775
0.181376 0.465943 0.511063
0.226834 0.445585 0.536346
0.181376 0.465943 0.561073
0.134812 0.481483 0.535793
0.226834 0.445585 0.586356
0.181376 0.465943 0.611083
0.226834 0.445585 0.636365
0.181376 0.465943 0.661093
0.134812 0.481483 0.635812
0.226834 0.445585 0.686375
0.181376 0.465943 0.711103
0.181376 0.465943 0.761113
0.134885 0.481463 0.735754
0.134979 0.481436 0.785718
0.181251 0.465991 0.811372
0.134616 0.481538 0.836378
0.180255 0.466378 0.862834
0.132348 0.482166 0.889394
0.226817 0.445594 0.786442
0.226388 0.445812 0.837118
0.270066 0.420790 0.811372
0.269125 0.421392 0.862653
0.224565 0.446733 0.890009
0.310411 0.391976 0.837118
0.347384 0.359617 0.862653
0.308602 0.393401 0.890009
0.348282 0.358747 0.811372
0.382069 0.322527 0.837118
0.382457 0.322066 0.786442
0.412613 0.282401 0.811372
0.412719 0.282247 0.761113
0.438827 0.239648 0.786442
0.438839 0.239625 0.736385
0.460573 0.194609 0.761113
0.460493 0.194799 0.811372
0.477692 0.147684 0.785886
0.412719 0.282247 0.711103
0.477700 0.147656 0.735830
0.460573 0.194609 0.711103
0.412719 0.282247 0.661093
0.438839 0.239625 0.686375
0.412719 0.282247 0.611083
0.438839 0.239625 0.636365
0.438839 0.239625 0.586356
0.460573 0.194609 0.611083
0.460573 0.194609 0.561073
0.438839 0.239625 0.486336
0.460573 0.194609 0.511063
0.477700 0.147656 0.535793
0.412719 0.282247 0.461053
0.477700 0.147656 0.485784
0.460573 0.194609 0.461054
0.412719 0.282247 0.411043
0.438839 0.239625 0.436326
0.412719 0.282247 0.361033
0.438839 0.239625 0.386316
0.438839 0.239625 0.336306
0.460573 0.194609 0.361034
0.438839 0.239625 0.286296
0.460573 0.194609 0.311024
0.477700 0.147656 0.285747
0.460573 0.194609 0.261014
0.477700 0.147656 0.235738
0.438839 0.239625 0.236286
0.460562 0.194635 0.210962
0.412704 0.282268 0.210960
0.438745 0.239797 0.186052
0.382358 0.322184 0.186052
0.412347 0.282790 0.160370
0.381508 0.323190 0.134959
0.374837 0.330904 0.036888
0.378831 0.326323 0.082215
0.341646 0.365072 0.049953
0.302552 0.398073 0.036888
0.346226 0.360732 0.107844
0.306883 0.394744 0.082215
0.309798 0.392460 0.134959
0.263137 0.425157 0.049953
0.267914 0.422164 0.107844
0.269746 0.420995 0.160370
0.225771 0.446125 0.134959
0.218483 0.449739 0.036888
0.222833 0.447600 0.082215
0.179140 0.466807 0.107846
0.174431 0.468587 0.049954
0.130837 0.482578 0.081878
0.126345 0.483774 0.036761
0.034241 0.498826 0.036049
0.081053 0.493387 0.049253
0.040786 0.498334 0.079250
0.000000 0.500000 0.050000
0.086429 0.492473 0.106294
0.043009 0.498147 0.129739
0.000000 0.500000 0.100000
0.133785 0.481769 0.134455
0.088155 0.492167 0.158305
0.134692 0.481516 0.185505
0.043565 0.498098 0.180133
0.000000 0.500000 0.150000
0.088532 0.492100 0.208765
0.043641 0.498092 0.230233
0.000000 0.500000 0.200000
0.088547 0.492097 0.258815
0.134812 0.481483 0.285747
0.043641 0.498092 0.280238
0.000000 0.500000 0.250000
0.088547 0.492097 0.308823
0.043641 0.498092 0.330242
0.000000 0.500000 0.300000
0.088547 0.492097 0.358830
0.134812 0.481483 0.385766
0.043641 0.498092 0.380246
0.000000 0.500000 0.350000
0.088547 0.492097 0.408838
0.043641 0.498092 0.430251
0.000000 0.500000 0.400000
0.088547 0.492097 0.458845
0.134812 0.481483 0.485784
0.043641 0.498092 0.480255
0.000000 0.500000 0.450000
0.088547 0.492097 0.508853
0.043641 0.498092 0.530259
0.000000 0.500000 0.500000
0.088547 0.492097 0.558860
0.134812 0.481483 0.585802
0.043641 0.498092 0.580263
0.000000 0.500000 0.550000
0.088547 0.492097 0.608868
0.043714 0.498085 0.630192
0.000000 0.500000 0.600000
0.088547 0.492097 0.658875
0.134812 0.481483 0.685821
0.043714 0.498085 0.680196
0.000000 0.500000 0.650000
0.088649 0.492079 0.708802
0.043715 0.498085 0.730200
0.000000 0.500000 0.700000
0.088831 0.492046 0.758675
0.043756 0.498082 0.780190
0.000000 0.500000 0.750000
0.089019 0.492012 0.808649
0.043793 0.498078 0.830118
0.000000 0.500000 0.800000
0.000000 0.500000 0.850000
0.087990 0.492197 0.859437
0.084076 0.492881 0.911728
0.127750 0.483405 0.948549
0.172700 0.469228 0.962944
0.176824 0.467689 0.917226
0.219816 0.449089 0.948849
0.261795 0.425985 0.962178
0.266173 0.423263 0.915985
0.303880 0.397060 0.948849
0.340355 0.366276 0.962178
0.344560 0.362324 0.915985
0.376065 0.329508 0.948849
0.380411 0.324480 0.890009
0.411830 0.283542 0.862653
0.405660 0.292302 0.962178
0.409359 0.287097 0.915985
0.438508 0.240231 0.837118
0.437165 0.242666 0.890036
0.459961 0.196050 0.862694
0.433584 0.249008 0.948900
0.458220 0.200086 0.916141
0.455354 0.206525 0.962342
0.489892 0.100028 0.966122
0.474900 0.156429 0.949275
0.489670 0.101112 0.913309
0.476903 0.150210 0.889471
0.497479 0.050147 0.881640
0.489933 0.099829 0.860072
0.477545 0.148158 0.836519
0.490036 0.099323 0.809046
0.497501 0.049931 0.830521
0.490052 0.099243 0.758890
0.497508 0.049862 0.780283
0.490052 0.099243 0.708883
0.477700 0.147656 0.685821
0.460573 0.194609 0.661093
0.497508 0.049862 0.730276
0.497508 0.049862 0.680272
0.477700 0.147656 0.635812
0.490052 0.099243 0.658875
0.497508 0.049862 0.630268
0.490052 0.099243 0.608868
0.477700 0.147656 0.585802
0.490052 0.099243 0.558860
0.497508 0.049862 0.580263
0.490052 0.099243 0.508853
0.497508 0.049862 0.530259
0.490052 0.099243 0.458845
0.477700 0.147656 0.435775
0.460573 0.194609 0.411044
0.497508 0.049862 0.480255
0.497508 0.049862 0.430251
0.477700 0.147656 0.385766
0.490052 0.099243 0.408838
0.497508 0.049862 0.380246
0.490052 0.099243 0.358830
0.477700 0.147656 0.335756
0.490052 0.099243 0.308823
0.497508 0.049862 0.330242
0.490052 0.099243 0.258815
0.497508 0.049862 0.280238
0.490046 0.099273 0.208765
0.477637 0.147861 0.185505
0.460291 0.195275 0.160371
0.497508 0.049862 0.230233
0.438048 0.241069 0.134959
0.497499 0.049950 0.180103
0.410818 0.285006 0.107844
0.489941 0.099789 0.158218
0.477213 0.149223 0.134373
0.459146 0.197951 0.107819
0.473509 0.160590 0.036519
0.475819 0.153609 0.081615
0.497444 0.050494 0.129482
0.489481 0.102019 0.105862
0.497296 0.051929 0.077913
0.488034 0.108732 0.048063
0.497372 0.051196 0.029666
-0.024069 0.499420 0.973322
-0.046672 0.497817 0.940585
-0.498948 0.032414 0.968185
-0.494656 0.072909 0.961278
-0.498487 0.038865 0.928680
-0.250846 0.432523 0.036888
-0.204925 0.456077 0.049904
-0.245034 0.435842 0.082215
-0.290715 0.406798 0.049953
-0.498191 0.042490 0.879993
-0.420708 0.270194 0.611083
-0.391626 0.310852 0.586356
-0.420708 0.270194 0.561073
-0.391626 0.310852 0.636365
-0.420708 0.270194 0.661093
-0.391626 0.310852 0.686375
-0.420708 0.270194 0.711103
-0.420708 0.270194 0.761113
-0.445585 0.226834 0.736385
-0.391626 0.310852 0.736385
-0.391639 0.310835 0.786442
-0.358629 0.348404 0.761113
-0.358629 0.348404 0.711103
-0.322047 0.382473 0.736385
-0.358629 0.348404 0.661093
-0.322047 0.382473 0.686375
-0.358629 0.348404 0.611083
-0.322047 0.382473 0.636365
-0.358629 0.348404 0.561073
-0.322047 0.382473 0.586356
-0.282247 0.412719 0.511063
-0.282247 0.412719 0.561073
-0.239625 0.438839 0.536346
-0.322047 0.382473 0.536346
-0.322047 0.382473 0.486336
-0.420708 0.270194 0.361033
-0.391626 0.310852 0.336306
-0.420708 0.270194 0.311023
-0.391626 0.310852 0.386316
-0.358629 0.348404 0.411043
-0.391626 0.310852 0.436326
-0.358629 0.348404 0.461053
-0.322047 0.382473 0.436326
-0.358629 0.348404 0.361033
-0.322047 0.382473 0.386316
-0.358629 0.348404 0.311023
-0.322047 0.382473 0.336306
-0.282247 0.412719 0.311023
-0.322047 0.382473 0.286296
-0.282247 0.412719 0.261013
-0.358629 0.348404 0.261013
-0.322047 0.382473 0.236286
-0.391626 0.310852 0.286296
-0.358645 0.348387 0.210960
-0.391626 0.310852 0.236286
-0.420708 0.270194 0.261013
-0.391726 0.310727 0.186052
-0.359044 0.347977 0.160370
-0.465950 0.181359 0.210962
-0.445650 0.226707 0.186052
-0.466113 0.180939 0.160371
-0.420719 0.270176 0.210960
-0.445585 0.226834 0.236286
-0.465943 0.181376 0.261014
-0.481483 0.134812 0.235738
-0.445585 0.226834 0.286296
-0.465943 0.181376 0.311024
-0.445585 0.226834 0.336306
-0.465943 0.181376 0.361034
-0.481483 0.134812 0.335756
-0.445585 0.226834 0.386316
-0.420708 0.270194 0.411043
-0.465943 0.181376 0.411044
-0.445585 0.226834 0.436326
-0.420708 0.270194 0.461053
-0.391626 0.310852 0.486336
-0.445585 0.226834 0.486336
-0.358629 0.348404 0.511063
-0.420708 0.270194 0.511063
-0.391626 0.310852 0.536346
-0.465943 0.181376 0.461054
-0.481483 0.134812 0.435775
-0.465943 0.181376 0.511063
-0.445585 0.226834 0.536346
-0.465943 0.181376 0.561073
-0.481483 0.134812 0.535793
-0.445585 0.226834 0.586356
-0.465943 0.181376 0.611083
-0.445585 0.226834 0.636365
-0.465943 0.181376 0.661093
-0.481483 0.134812 0.635812
-0.445585 0.226834 0.686375
-0.465943 0.181376 0.711103
-0.465943 0.181376 0.761113
-0.481463 0.134885 0.735754
-0.481469 0.134862 0.785824
-0.465991 0.181251 0.811372
-0.481538 0.134616 0.836327
-0.466378 0.180253 0.862833
-0.482186 0.132275 0.889317
-0.445594 0.226817 0.786442
-0.445812 0.226388 0.837118
-0.420790 0.270066 0.811372
-0.421392 0.269125 0.862653
-0.446733 0.224565 0.890009
-0.391976 0.310411 0.837118
-0.359617 0.347384 0.862653
-0.393401 0.308602 0.890009
-0.358747 0.348282 0.811372
-0.322527 0.382069 0.837118
-0.322066 0.382457 0.786442
-0.282401 0.412613 0.811372
-0.282247 0.412719 0.761113
-0.239648 0.438827 0.786442
-0.239625 0.438839 0.736385
-0.194609 0.460573 0.761113
-0.194799 0.460493 0.811372
-0.147684 0.477692 0.785886
-0.282247 0.412719 0.711103
-0.147656 0.477700 0.735830
-0.194609 0.460573 0.711103
-0.282247 0.412719 0.661093
-0.239625 0.438839 0.686375
-0.282247 0.412719 0.611083
-0.239625 0.438839 0.636365
-0.239625 0.438839 0.586356
-0.194609 0.460573 0.611083
-0.194609 0.460573 0.561073
-0.239625 0.438839 0.486336
-0.194609 0.460573 0.511063
-0.147656 0.477700 0.535793
-0.282247 0.412719 0.461053
-0.147656 0.477700 0.485784
-0.194609 0.460573 0.461054
-0.282247 0.412719 0.411043
-0.239625 0.438839 0.436326
-0.282247 0.412719 0.361033
-0.239625 0.438839 0.386316
-0.239625 0.438839 0.336306
-0.194609 0.460573 0.361034
-0.239625 0.438839 0.286296
-0.194609 0.460573 0.311024
-0.147656 0.477700 0.285747
-0.194609 0.460573 0.261014
-0.147656 0.477700 0.235738
-0.239625 0.438839 0.236286
-0.194635 0.460562 0.210962
-0.282268 0.412704 0.210960
-0.239797 0.438745 0.186052
-0.322184 0.382358 0.186052
-0.282790 0.412347 0.160370
-0.323190 0.381508 0.134959
-0.330904 0.374837 0.036888
-0.326323 0.378831 0.082215
-0.365072 0.341646 0.049953
-0.398073 0.302552 0.036888
-0.360732 0.346226 0.107844
-0.394744 0.306883 0.082215
-0.392460 0.309798 0.134959
-0.425157 0.263137 0.049953
-0.422164 0.267914 0.107844
-0.420995 0.269746 0.160370
-0.446125 0.225771 0.134959
-0.449739 0.218483 0.036888
-0.447600 0.222833 0.082215
-0.466807 0.179140 0.107846
-0.468587 0.174431 0.049954
-0.482578 0.130837 0.081878
-0.483774 0.126345 0.036761
-0.498826 0.034241 0.036049
-0.493387 0.081053 0.049253
-0.498334 0.040786 0.079250
-0.492473 0.086429 0.106294
-0.498147 0.043009 0.129739
-0.481769 0.133785 0.134455
-0.492167 0.088155 0.158305
-0.481516 0.134692 0.185505
-0.498098 0.043565 0.180133
-0.492100 0.088532 0.208765
-0.498092 0.043641 0.230233
-0.492097 0.088547 0.258815
-0.481483 0.134812 0.285747
-0.498092 0.043641 0.280238
-0.492097 0.088547 0.308823
-0.498092 0.043641 0.330242
-0.492097 0.088547 0.358830
-0.481483 0.134812 0.385766
-0.498092 0.043641 0.380246
-0.492097 0.088547 0.408838
-0.498092 0.043641 0.430251
-0.492097 0.088547 0.458845
-0.481483 0.134812 0.485784
-0.498092 0.043641 0.480255
-0.492097 0.088547 0.508853
-0.498092 0.043641 0.530259
-0.492097 0.088547 0.558860
-0.481483 0.134812 0.585802
-0.498092 0.043641 0.580263
-0.492097 0.088547 0.608868
-0.498092 0.043641 0.630268
-0.492080 0.088644 0.658800
-0.481483 0.134812 0.685821
-0.498092 0.043641 0.680272
-0.492079 0.088645 0.708805
-0.498092 0.043641 0.730276
-0.492079 0.088648 0.758815
-0.498087 0.043696 0.780252
-0.492066 0.088717 0.808910
-0.498088 0.043689 0.830254
-0.492220 0.087862 0.859395
-0.492914 0.083880 0.911457
-0.483405 0.127750 0.948549
-0.469228 0.172699 0.962943
-0.467701 0.176794 0.917221
-0.449089 0.219816 0.948849
-0.425985 0.261795 0.962178
-0.423263 0.266173 0.915985
-0.397060 0.303880 0.948849
-0.366276 0.340355 0.962178
-0.362324 0.344560 0.915985
-0.329508 0.376065 0.948849
-0.324480 0.380411 0.890009
-0.283542 0.411830 0.862653
-0.292302 0.405660 0.962178
-0.287097 0.409359 0.915985
-0.240231 0.438508 0.837118
-0.242666 0.437165 0.890036
-0.196050 0.459961 0.862694
-0.249008 0.433584 0.948900
-0.200086 0.458220 0.916141
-0.206525 0.455354 0.962342
-0.100028 0.489892 0.966122
-0.156429 0.474900 0.949275
-0.101112 0.489670 0.913309
-0.150210 0.476903 0.889471
-0.050147 0.497479 0.881640
-0.099829 0.489933 0.860072
-0.148158 0.477545 0.836519
-0.099323 0.490036 0.809046
-0.049931 0.497501 0.830521
-0.099243 0.490052 0.758890
-0.049862 0.497508 0.780283
-0.099243 0.490052 0.708883
-0.147656 0.477700 0.685821
-0.194609 0.460573 0.661093
-0.049862 0.497508 0.730276
-0.049862 0.497508 0.680272
-0.147656 0.477700 0.635812
-0.099243 0.490052 0.658875
-0.049862 0.497508 0.630268
-0.099243 0.490052 0.608868
-0.147656 0.477700 0.585802
-0.099243 0.490052 0.558860
-0.049862 0.497508 0.580263
-0.099243 0.490052 0.508853
-0.049862 0.497508 0.530259
-0.099243 0.490052 0.458845
-0.147656 0.477700 0.435775
-0.194609 0.460573 0.411044
-0.049862 0.497508 0.480255
-0.049862 0.497508 0.430251
-0.147656 0.477700 0.385766
-0.099243 0.490052 0.408838
-0.049862 0.497508 0.380246
-0.099243 0.490052 0.358830
-0.147656 0.477700 0.335756
-0.099243 0.490052 0.308823
-0.049862 0.497508 0.330242
-0.099243 0.490052 0.258815
-0.049862 0.497508 0.280238
-0.099273 0.490046 0.208765
-0.147861 0.477637 0.185505
-0.195275 0.460291 0.160371
-0.049862 0.497508 0.230233
-0.241069 0.438048 0.134959
-0.049950 0.497499 0.180103
-0.285006 0.410818 0.107844
-0.099789 0.489941 0.158218
-0.149223 0.477213 0.134373
-0.197951 0.459146 0.107819
-0.160590 0.473509 0.036519
-0.153609 0.475819 0.081615
-0.050494 0.497444 0.129482
-0.102019 0.489481 0.105862
-0.051929 0.497296 0.077913
-0.108732 0.488034 0.048063
-0.051196 0.497372 0.029666
