1 1 2 3 1 0
2 4 5 3 1 0
3 3 2 6 1 0
4 4 3 6 1 0
5 7 8 9 1 0
6 9 8 10 1 0
7 9 11 7 1 0
8 10 11 9 1 0
9 12 13 14 1 0
10 12 14 15 1 0
11 16 14 13 1 0
12 16 15 14 1 0
13 8 17 18 1 0
14 17 19 18 1 0
15 8 20 17 1 0
16 17 20 19 1 0
17 12 21 22 1 0
18 21 23 22 1 0
19 24 21 12 1 0
20 24 23 21 1 0
21 25 26 27 1 0
22 26 7 27 1 0
23 27 28 25 1 0
24 29 28 27 1 0
25 30 31 32 1 0
26 32 33 34 1 0
27 35 30 32 1 0
28 35 32 34 1 0
29 36 33 31 1 0
30 33 32 31 1 0
31 31 37 36 1 0
32 30 37 31 1 0
33 38 39 40 1 0
34 40 41 42 1 0
35 43 38 40 1 0
36 43 40 42 1 0
37 44 41 39 1 0
38 41 40 39 1 0
39 39 45 44 1 0
40 38 45 39 1 0
41 46 13 47 1 0
42 47 48 49 1 0
43 50 46 47 1 0
44 50 47 49 1 0
45 51 52 53 1 0
46 53 54 51 1 0
47 55 56 53 1 0
48 57 54 53 1 0
49 58 59 60 1 0
50 60 61 58 1 0
51 62 60 63 1 0
52 62 61 60 1 0
53 64 65 66 1 0
54 65 67 66 1 0
55 64 68 65 1 0
56 69 67 65 1 0
57 6 2 70 1 0
58 71 4 6 1 0
59 71 6 70 1 0
60 72 73 74 1 0
61 72 75 73 1 0
62 76 75 72 1 0
63 76 77 75 1 0
64 78 79 80 1 0
65 81 77 76 1 0
66 82 78 83 1 0
67 81 84 77 1 0
68 82 79 78 1 0
69 81 85 84 1 0
70 82 86 79 1 0
71 86 85 81 1 0
72 87 86 82 1 0
73 87 85 86 1 0
74 88 87 89 1 0
75 90 88 89 1 0
76 88 85 87 1 0
77 91 88 90 1 0
78 92 85 88 1 0
79 91 92 88 1 0
80 92 84 85 1 0
81 93 92 91 1 0
82 93 94 92 1 0
83 94 84 92 1 0
84 95 94 93 1 0
85 96 84 94 1 0
86 97 94 95 1 0
87 96 77 84 1 0
88 97 96 94 1 0
89 98 77 96 1 0
90 99 96 97 1 0
91 98 75 77 1 0
92 99 98 96 1 0
93 100 98 99 1 0
94 101 100 99 1 0
95 102 98 100 1 0
96 103 100 101 1 0
97 102 75 98 1 0
98 104 100 103 1 0
99 102 73 75 1 0
100 104 102 100 1 0
101 105 73 102 1 0
102 104 105 102 1 0
103 106 73 105 1 0
104 107 105 104 1 0
105 106 74 73 1 0
106 108 105 107 1 0
107 109 74 106 1 0
108 108 106 105 1 0
109 109 110 74 1 0
110 111 106 108 1 0
111 109 112 110 1 0
112 111 109 106 1 0
113 113 109 111 1 0
114 114 113 111 1 0
115 113 112 109 1 0
116 115 113 114 1 0
117 115 116 113 1 0
118 116 112 113 1 0
119 117 116 115 1 0
120 118 112 116 1 0
121 119 116 117 1 0
122 120 112 118 1 0
123 119 118 116 1 0
124 120 110 112 1 0
125 121 118 119 1 0
126 122 110 120 1 0
127 123 118 121 1 0
128 124 110 122 1 0
129 123 120 118 1 0
130 124 74 110 1 0
131 125 120 123 1 0
132 124 72 74 1 0
133 125 122 120 1 0
134 126 72 124 1 0
135 127 122 125 1 0
136 126 76 72 1 0
137 128 122 127 1 0
138 129 76 126 1 0
139 128 124 122 1 0
140 129 81 76 1 0
141 128 126 124 1 0
142 129 86 81 1 0
143 130 126 128 1 0
144 129 79 86 1 0
145 130 129 126 1 0
146 131 127 132 1 0
147 130 79 129 1 0
148 131 128 127 1 0
149 130 80 79 1 0
150 131 130 128 1 0
151 133 132 134 1 0
152 131 80 130 1 0
153 133 131 132 1 0
154 135 134 136 1 0
155 133 80 131 1 0
156 137 134 135 1 0
157 138 80 133 1 0
158 137 133 134 1 0
159 138 78 80 1 0
160 137 138 133 1 0
161 139 78 138 1 0
162 140 138 137 1 0
163 139 83 78 1 0
164 140 139 138 1 0
165 139 141 83 1 0
166 142 139 140 1 0
167 142 141 139 1 0
168 143 141 142 1 0
169 144 143 145 1 0
170 146 141 143 1 0
171 144 146 143 1 0
172 147 146 148 1 0
173 149 146 144 1 0
174 147 141 146 1 0
175 149 148 146 1 0
176 147 83 141 1 0
177 150 148 149 1 0
178 151 83 147 1 0
179 152 148 150 1 0
180 151 82 83 1 0
181 153 148 152 1 0
182 151 87 82 1 0
183 153 147 148 1 0
184 151 89 87 1 0
185 153 151 147 1 0
186 154 152 155 1 0
187 153 89 151 1 0
188 154 153 152 1 0
189 156 155 157 1 0
190 154 89 153 1 0
191 158 155 156 1 0
192 154 90 89 1 0
193 158 154 155 1 0
194 159 156 160 1 0
195 158 90 154 1 0
196 159 158 156 1 0
197 161 90 158 1 0
198 159 161 158 1 0
199 161 91 90 1 0
200 162 161 159 1 0
201 163 91 161 1 0
202 162 163 161 1 0
203 163 93 91 1 0
204 164 163 162 1 0
205 165 166 167 1 0
206 168 163 164 1 0
207 165 164 166 1 0
208 168 93 163 1 0
209 165 168 164 1 0
210 168 95 93 1 0
211 169 168 165 1 0
212 170 167 171 1 0
213 169 95 168 1 0
214 170 165 167 1 0
215 172 95 169 1 0
216 170 169 165 1 0
217 172 97 95 1 0
218 173 169 170 1 0
219 174 97 172 1 0
220 173 172 169 1 0
221 174 99 97 1 0
222 175 172 173 1 0
223 174 101 99 1 0
224 175 174 172 1 0
225 176 174 175 1 0
226 177 176 175 1 0
227 176 101 174 1 0
228 178 176 177 1 0
229 179 101 176 1 0
230 178 179 176 1 0
231 179 103 101 1 0
232 180 179 178 1 0
233 180 181 179 1 0
234 181 103 179 1 0
235 182 180 183 1 0
236 184 103 181 1 0
237 182 181 180 1 0
238 184 104 103 1 0
239 185 181 182 1 0
240 184 107 104 1 0
241 185 184 181 1 0
242 186 107 184 1 0
243 185 186 184 1 0
244 187 107 186 1 0
245 188 186 185 1 0
246 187 108 107 1 0
247 189 186 188 1 0
248 190 108 187 1 0
249 189 187 186 1 0
250 190 111 108 1 0
251 191 187 189 1 0
252 190 114 111 1 0
253 191 190 187 1 0
254 192 114 190 1 0
255 191 192 190 1 0
256 193 192 191 1 0
257 194 195 196 1 0
258 197 192 193 1 0
259 194 193 195 1 0
260 198 192 197 1 0
261 194 197 193 1 0
262 198 114 192 1 0
263 199 197 194 1 0
264 198 115 114 1 0
265 200 197 199 1 0
266 201 115 198 1 0
267 200 198 197 1 0
268 201 117 115 1 0
269 200 201 198 1 0
270 202 201 200 1 0
271 203 202 204 1 0
272 205 201 202 1 0
273 203 205 202 1 0
274 205 117 201 1 0
275 206 205 203 1 0
276 207 117 205 1 0
277 206 207 205 1 0
278 207 119 117 1 0
279 208 207 206 1 0
280 209 119 207 1 0
281 208 209 207 1 0
282 209 121 119 1 0
283 210 208 211 1 0
284 212 121 209 1 0
285 210 209 208 1 0
286 213 121 212 1 0
287 210 212 209 1 0
288 213 123 121 1 0
289 214 212 210 1 0
290 215 123 213 1 0
291 216 212 214 1 0
292 215 125 123 1 0
293 216 213 212 1 0
294 217 125 215 1 0
295 218 213 216 1 0
296 217 127 125 1 0
297 218 215 213 1 0
298 217 132 127 1 0
299 219 215 218 1 0
300 220 132 217 1 0
301 219 217 215 1 0
302 220 134 132 1 0
303 219 220 217 1 0
304 220 136 134 1 0
305 221 220 219 1 0
306 221 136 220 1 0
307 222 223 224 1 0
308 225 226 227 1 0
309 222 221 223 1 0
310 225 224 226 1 0
311 222 136 221 1 0
312 225 222 224 1 0
313 228 227 229 1 0
314 230 222 225 1 0
315 231 227 228 1 0
316 230 136 222 1 0
317 231 225 227 1 0
318 230 135 136 1 0
319 231 230 225 1 0
320 232 228 233 1 0
321 234 230 231 1 0
322 18 228 232 1 0
323 234 135 230 1 0
324 18 231 228 1 0
325 235 135 234 1 0
326 18 234 231 1 0
327 235 137 135 1 0
328 19 234 18 1 0
329 235 140 137 1 0
330 19 235 234 1 0
331 19 236 235 1 0
332 236 140 235 1 0
333 20 236 19 1 0
334 236 142 140 1 0
335 237 236 20 1 0
336 8 232 238 1 0
337 237 142 236 1 0
338 8 18 232 1 0
339 237 143 142 1 0
340 237 145 143 1 0
341 239 237 20 1 0
342 7 20 8 1 0
343 239 145 237 1 0
344 7 239 20 1 0
345 26 145 239 1 0
346 7 26 239 1 0
347 240 145 26 1 0
348 29 27 7 1 0
349 240 144 145 1 0
350 241 144 240 1 0
351 25 240 26 1 0
352 241 149 144 1 0
353 242 241 33 1 0
354 34 25 243 1 0
355 242 149 241 1 0
356 34 240 25 1 0
357 242 150 149 1 0
358 34 241 240 1 0
359 244 150 242 1 0
360 34 33 241 1 0
361 245 150 244 1 0
362 245 152 150 1 0
363 245 155 152 1 0
364 36 242 33 1 0
365 245 157 155 1 0
366 36 244 242 1 0
367 246 36 247 1 0
368 248 245 244 1 0
369 246 244 36 1 0
370 248 157 245 1 0
371 246 248 244 1 0
372 249 246 250 1 0
373 249 248 246 1 0
374 251 249 252 1 0
375 253 248 249 1 0
376 251 253 249 1 0
377 253 157 248 1 0
378 254 251 255 1 0
379 256 157 253 1 0
380 254 253 251 1 0
381 256 156 157 1 0
382 254 256 253 1 0
383 256 160 156 1 0
384 257 256 254 1 0
385 258 254 259 1 0
386 257 160 256 1 0
387 258 257 254 1 0
388 260 160 257 1 0
389 261 258 262 1 0
390 263 160 260 1 0
391 261 257 258 1 0
392 263 159 160 1 0
393 261 260 257 1 0
394 263 162 159 1 0
395 264 261 265 1 0
396 266 162 263 1 0
397 264 260 261 1 0
398 266 164 162 1 0
399 267 260 264 1 0
400 266 166 164 1 0
401 267 263 260 1 0
402 266 268 166 1 0
403 267 266 263 1 0
404 42 264 269 1 0
405 267 268 266 1 0
406 42 267 264 1 0
407 42 268 267 1 0
408 270 268 41 1 0
409 42 41 268 1 0
410 270 166 268 1 0
411 270 167 166 1 0
412 271 167 270 1 0
413 44 270 41 1 0
414 271 171 167 1 0
415 44 271 270 1 0
416 48 171 271 1 0
417 49 44 272 1 0
418 273 171 48 1 0
419 49 271 44 1 0
420 274 171 273 1 0
421 49 48 271 1 0
422 274 170 171 1 0
423 274 173 170 1 0
424 48 47 13 1 0
425 275 173 274 1 0
426 13 273 48 1 0
427 275 175 173 1 0
428 22 273 13 1 0
429 275 177 175 1 0
430 22 274 273 1 0
431 275 23 177 1 0
432 22 275 274 1 0
433 22 23 275 1 0
434 12 22 13 1 0
435 276 12 277 1 0
436 24 12 276 1 0
437 278 276 279 1 0
438 278 24 276 1 0
439 280 23 24 1 0
440 281 24 278 1 0
441 280 177 23 1 0
442 281 280 24 1 0
443 280 178 177 1 0
444 282 280 281 1 0
445 283 278 284 1 0
446 282 178 280 1 0
447 283 281 278 1 0
448 282 180 178 1 0
449 285 281 283 1 0
450 282 183 180 1 0
451 285 282 281 1 0
452 286 283 287 1 0
453 285 183 282 1 0
454 286 285 283 1 0
455 286 288 285 1 0
456 288 183 285 1 0
457 289 286 290 1 0
458 291 183 288 1 0
459 289 288 286 1 0
460 291 182 183 1 0
461 292 288 289 1 0
462 293 182 291 1 0
463 292 291 288 1 0
464 293 185 182 1 0
465 294 291 292 1 0
466 293 188 185 1 0
467 294 293 291 1 0
468 295 293 294 1 0
469 296 191 189 1 0
470 295 188 293 1 0
471 296 193 191 1 0
472 297 188 295 1 0
473 296 195 193 1 0
474 297 189 188 1 0
475 296 298 195 1 0
476 297 296 189 1 0
477 299 289 300 1 0
478 297 298 296 1 0
479 299 292 289 1 0
480 297 301 298 1 0
481 299 294 292 1 0
482 302 294 299 1 0
483 295 301 297 1 0
484 302 295 294 1 0
485 51 299 303 1 0
486 302 301 295 1 0
487 51 302 299 1 0
488 51 54 302 1 0
489 54 301 302 1 0
490 304 301 54 1 0
491 304 298 301 1 0
492 57 304 54 1 0
493 305 298 304 1 0
494 306 304 57 1 0
495 305 195 298 1 0
496 306 305 304 1 0
497 305 196 195 1 0
498 61 305 306 1 0
499 58 57 307 1 0
500 61 196 305 1 0
501 58 306 57 1 0
502 308 196 61 1 0
503 58 61 306 1 0
504 309 196 308 1 0
505 309 194 196 1 0
506 309 199 194 1 0
507 62 308 61 1 0
508 310 199 309 1 0
509 311 199 310 1 0
510 312 62 313 1 0
511 311 200 199 1 0
512 312 308 62 1 0
513 311 202 200 1 0
514 312 309 308 1 0
515 311 204 202 1 0
516 312 310 309 1 0
517 314 312 315 1 0
518 316 314 317 1 0
519 318 312 314 1 0
520 316 318 314 1 0
521 318 310 312 1 0
522 319 318 316 1 0
523 319 310 318 1 0
524 320 316 321 1 0
525 319 311 310 1 0
526 322 316 320 1 0
527 319 204 311 1 0
528 322 319 316 1 0
529 323 320 324 1 0
530 322 204 319 1 0
531 323 322 320 1 0
532 325 323 326 1 0
533 327 322 323 1 0
534 328 323 325 1 0
535 327 204 322 1 0
536 328 327 323 1 0
537 327 203 204 1 0
538 329 327 328 1 0
539 329 203 327 1 0
540 330 325 331 1 0
541 329 206 203 1 0
542 330 328 325 1 0
543 332 206 329 1 0
544 330 329 328 1 0
545 332 208 206 1 0
546 330 332 329 1 0
547 332 211 208 1 0
548 333 332 330 1 0
549 66 330 334 1 0
550 333 211 332 1 0
551 66 333 330 1 0
552 67 211 333 1 0
553 66 67 333 1 0
554 335 211 67 1 0
555 335 210 211 1 0
556 335 214 210 1 0
557 336 67 69 1 0
558 335 337 214 1 0
559 336 335 67 1 0
560 70 69 338 1 0
561 336 337 335 1 0
562 70 336 69 1 0
563 339 337 2 1 0
564 70 337 336 1 0
565 339 214 337 1 0
566 70 2 337 1 0
567 339 216 214 1 0
568 340 216 339 1 0
569 340 218 216 1 0
570 341 2 1 1 0
571 342 218 340 1 0
572 341 339 2 1 0
573 342 219 218 1 0
574 341 340 339 1 0
575 342 221 219 1 0
576 343 340 341 1 0
577 342 223 221 1 0
578 343 342 340 1 0
579 344 1 345 1 0
580 343 223 342 1 0
581 344 341 1 1 0
582 346 223 343 1 0
583 344 343 341 1 0
584 346 224 223 1 0
585 344 346 343 1 0
586 344 347 346 1 0
587 347 224 346 1 0
588 348 347 344 1 0
589 347 226 224 1 0
590 349 226 347 1 0
591 226 350 227 1 0
592 287 351 286 1 0
593 351 290 286 1 0
594 290 300 289 1 0
595 300 303 299 1 0
596 303 52 51 1 0
597 55 53 52 1 0
598 57 53 56 1 0
599 56 307 57 1 0
600 307 59 58 1 0
601 63 60 59 1 0
602 63 352 62 1 0
603 352 313 62 1 0
604 313 315 312 1 0
605 315 317 314 1 0
606 317 321 316 1 0
607 321 353 320 1 0
608 354 259 254 1 0
609 259 262 258 1 0
610 262 265 261 1 0
611 265 269 264 1 0
612 269 43 42 1 0
613 45 272 44 1 0
614 272 50 49 1 0
615 46 16 13 1 0
616 15 277 12 1 0
617 277 279 276 1 0
618 279 284 278 1 0
619 284 287 283 1 0
620 350 229 227 1 0
621 229 233 228 1 0
622 233 238 232 1 0
623 238 10 8 1 0
624 11 29 7 1 0
625 28 243 25 1 0
626 243 35 34 1 0
627 37 247 36 1 0
628 247 250 246 1 0
629 250 252 249 1 0
630 252 255 251 1 0
631 255 354 254 1 0
632 353 324 320 1 0
633 324 326 323 1 0
634 326 331 325 1 0
635 331 334 330 1 0
636 334 355 66 1 0
637 355 64 66 1 0
638 69 65 68 1 0
639 68 338 69 1 0
640 338 71 70 1 0
641 1 3 5 1 0
642 5 345 1 1 0
643 345 348 344 1 0
644 348 349 347 1 0
645 349 356 226 1 0
646 356 350 226 1 0
647 357 358 359 1 0
648 360 361 359 1 0
649 359 358 362 1 0
650 360 359 362 1 0
651 363 364 365 1 0
652 365 364 366 1 0
653 365 367 363 1 0
654 366 367 365 1 0
655 368 369 370 1 0
656 368 370 371 1 0
657 372 370 369 1 0
658 372 371 370 1 0
659 364 373 374 1 0
660 373 375 374 1 0
661 364 376 373 1 0
662 373 376 375 1 0
663 368 377 378 1 0
664 377 379 378 1 0
665 380 377 368 1 0
666 380 379 377 1 0
667 381 382 383 1 0
668 382 363 383 1 0
669 383 384 381 1 0
670 385 384 383 1 0
671 386 387 388 1 0
672 388 389 390 1 0
673 391 386 388 1 0
674 391 388 390 1 0
675 392 389 387 1 0
676 389 388 387 1 0
677 387 393 392 1 0
678 386 393 387 1 0
679 394 395 396 1 0
680 396 397 398 1 0
681 399 394 396 1 0
682 399 396 398 1 0
683 400 397 395 1 0
684 397 396 395 1 0
685 395 401 400 1 0
686 394 401 395 1 0
687 402 369 403 1 0
688 403 404 405 1 0
689 406 402 403 1 0
690 406 403 405 1 0
691 407 408 409 1 0
692 409 410 407 1 0
693 411 412 409 1 0
694 413 410 409 1 0
695 414 415 416 1 0
696 416 417 414 1 0
697 418 416 419 1 0
698 418 417 416 1 0
699 420 421 422 1 0
700 421 423 422 1 0
701 420 424 421 1 0
702 425 423 421 1 0
703 362 358 426 1 0
704 427 360 362 1 0
705 427 362 426 1 0
706 428 429 430 1 0
707 428 431 429 1 0
708 432 431 428 1 0
709 432 433 431 1 0
710 434 435 436 1 0
711 437 433 432 1 0
712 438 434 439 1 0
713 437 440 433 1 0
714 438 435 434 1 0
715 437 441 440 1 0
716 438 442 435 1 0
717 442 441 437 1 0
718 443 442 438 1 0
719 443 441 442 1 0
720 444 443 445 1 0
721 446 444 445 1 0
722 444 441 443 1 0
723 447 444 446 1 0
724 448 441 444 1 0
725 447 448 444 1 0
726 448 440 441 1 0
727 449 448 447 1 0
728 449 450 448 1 0
729 450 440 448 1 0
730 451 450 449 1 0
731 452 440 450 1 0
732 453 450 451 1 0
733 452 433 440 1 0
734 453 452 450 1 0
735 454 433 452 1 0
736 455 452 453 1 0
737 454 431 433 1 0
738 455 454 452 1 0
739 456 454 455 1 0
740 457 456 455 1 0
741 458 454 456 1 0
742 459 456 457 1 0
743 458 431 454 1 0
744 460 456 459 1 0
745 458 429 431 1 0
746 460 458 456 1 0
747 461 429 458 1 0
748 460 461 458 1 0
749 462 429 461 1 0
750 463 461 460 1 0
751 462 430 429 1 0
752 464 461 463 1 0
753 465 430 462 1 0
754 464 462 461 1 0
755 465 466 430 1 0
756 467 462 464 1 0
757 465 468 466 1 0
758 467 465 462 1 0
759 469 465 467 1 0
760 470 469 467 1 0
761 469 468 465 1 0
762 471 469 470 1 0
763 471 472 469 1 0
764 472 468 469 1 0
765 473 472 471 1 0
766 474 468 472 1 0
767 475 472 473 1 0
768 476 468 474 1 0
769 475 474 472 1 0
770 476 466 468 1 0
771 477 474 475 1 0
772 478 466 476 1 0
773 479 474 477 1 0
774 480 466 478 1 0
775 479 476 474 1 0
776 480 430 466 1 0
777 481 476 479 1 0
778 480 428 430 1 0
779 481 478 476 1 0
780 482 428 480 1 0
781 483 478 481 1 0
782 482 432 428 1 0
783 484 478 483 1 0
784 485 432 482 1 0
785 484 480 478 1 0
786 485 437 432 1 0
787 484 482 480 1 0
788 485 442 437 1 0
789 486 482 484 1 0
790 485 435 442 1 0
791 486 485 482 1 0
792 487 483 488 1 0
793 486 435 485 1 0
794 487 484 483 1 0
795 486 436 435 1 0
796 487 486 484 1 0
797 489 488 490 1 0
798 487 436 486 1 0
799 489 487 488 1 0
800 491 490 492 1 0
801 489 436 487 1 0
802 493 490 491 1 0
803 494 436 489 1 0
804 493 489 490 1 0
805 494 434 436 1 0
806 493 494 489 1 0
807 495 434 494 1 0
808 496 494 493 1 0
809 495 439 434 1 0
810 496 495 494 1 0
811 495 497 439 1 0
812 498 495 496 1 0
813 498 497 495 1 0
814 499 497 498 1 0
815 500 499 501 1 0
816 502 497 499 1 0
817 500 502 499 1 0
818 503 502 504 1 0
819 505 502 500 1 0
820 503 497 502 1 0
821 505 504 502 1 0
822 503 439 497 1 0
823 506 504 505 1 0
824 507 439 503 1 0
825 508 504 506 1 0
826 507 438 439 1 0
827 509 504 508 1 0
828 507 443 438 1 0
829 509 503 504 1 0
830 507 445 443 1 0
831 509 507 503 1 0
832 510 508 511 1 0
833 509 445 507 1 0
834 510 509 508 1 0
835 512 511 513 1 0
836 510 445 509 1 0
837 514 511 512 1 0
838 510 446 445 1 0
839 514 510 511 1 0
840 515 512 516 1 0
841 514 446 510 1 0
842 515 514 512 1 0
843 517 446 514 1 0
844 515 517 514 1 0
845 517 447 446 1 0
846 518 517 515 1 0
847 519 447 517 1 0
848 518 519 517 1 0
849 519 449 447 1 0
850 520 519 518 1 0
851 521 522 523 1 0
852 524 519 520 1 0
853 521 520 522 1 0
854 524 449 519 1 0
855 521 524 520 1 0
856 524 451 449 1 0
857 525 524 521 1 0
858 526 523 527 1 0
859 525 451 524 1 0
860 526 521 523 1 0
861 528 451 525 1 0
862 526 525 521 1 0
863 528 453 451 1 0
864 529 525 526 1 0
865 530 453 528 1 0
866 529 528 525 1 0
867 530 455 453 1 0
868 531 528 529 1 0
869 530 457 455 1 0
870 531 530 528 1 0
871 532 530 531 1 0
872 533 532 531 1 0
873 532 457 530 1 0
874 534 532 533 1 0
875 535 457 532 1 0
876 534 535 532 1 0
877 535 459 457 1 0
878 536 535 534 1 0
879 536 537 535 1 0
880 537 459 535 1 0
881 538 536 539 1 0
882 540 459 537 1 0
883 538 537 536 1 0
884 540 460 459 1 0
885 541 537 538 1 0
886 540 463 460 1 0
887 541 540 537 1 0
888 542 463 540 1 0
889 541 542 540 1 0
890 543 463 542 1 0
891 544 542 541 1 0
892 543 464 463 1 0
893 545 542 544 1 0
894 546 464 543 1 0
895 545 543 542 1 0
896 546 467 464 1 0
897 547 543 545 1 0
898 546 470 467 1 0
899 547 546 543 1 0
900 548 470 546 1 0
901 547 548 546 1 0
902 549 548 547 1 0
903 550 551 552 1 0
904 553 548 549 1 0
905 550 549 551 1 0
906 554 548 553 1 0
907 550 553 549 1 0
908 554 470 548 1 0
909 555 553 550 1 0
910 554 471 470 1 0
911 556 553 555 1 0
912 557 471 554 1 0
913 556 554 553 1 0
914 557 473 471 1 0
915 556 557 554 1 0
916 558 557 556 1 0
917 559 558 560 1 0
918 561 557 558 1 0
919 559 561 558 1 0
920 561 473 557 1 0
921 562 561 559 1 0
922 563 473 561 1 0
923 562 563 561 1 0
924 563 475 473 1 0
925 564 563 562 1 0
926 565 475 563 1 0
927 564 565 563 1 0
928 565 477 475 1 0
929 566 564 567 1 0
930 568 477 565 1 0
931 566 565 564 1 0
932 569 477 568 1 0
933 566 568 565 1 0
934 569 479 477 1 0
935 570 568 566 1 0
936 571 479 569 1 0
937 572 568 570 1 0
938 571 481 479 1 0
939 572 569 568 1 0
940 573 481 571 1 0
941 574 569 572 1 0
942 573 483 481 1 0
943 574 571 569 1 0
944 573 488 483 1 0
945 575 571 574 1 0
946 576 488 573 1 0
947 575 573 571 1 0
948 576 490 488 1 0
949 575 576 573 1 0
950 576 492 490 1 0
951 577 576 575 1 0
952 577 492 576 1 0
953 578 579 580 1 0
954 581 582 583 1 0
955 578 577 579 1 0
956 581 580 582 1 0
957 578 492 577 1 0
958 581 578 580 1 0
959 584 583 585 1 0
960 586 578 581 1 0
961 587 583 584 1 0
962 586 492 578 1 0
963 587 581 583 1 0
964 586 491 492 1 0
965 587 586 581 1 0
966 588 584 589 1 0
967 590 586 587 1 0
968 374 584 588 1 0
969 590 491 586 1 0
970 374 587 584 1 0
971 591 491 590 1 0
972 374 590 587 1 0
973 591 493 491 1 0
974 375 590 374 1 0
975 591 496 493 1 0
976 375 591 590 1 0
977 375 592 591 1 0
978 592 496 591 1 0
979 376 592 375 1 0
980 592 498 496 1 0
981 593 592 376 1 0
982 364 588 594 1 0
983 593 498 592 1 0
984 364 374 588 1 0
985 593 499 498 1 0
986 593 501 499 1 0
987 595 593 376 1 0
988 363 376 364 1 0
989 595 501 593 1 0
990 363 595 376 1 0
991 382 501 595 1 0
992 363 382 595 1 0
993 596 501 382 1 0
994 385 383 363 1 0
995 596 500 501 1 0
996 597 500 596 1 0
997 381 596 382 1 0
998 597 505 500 1 0
999 598 597 389 1 0
1000 390 381 599 1 0
1001 598 505 597 1 0
1002 390 596 381 1 0
1003 598 506 505 1 0
1004 390 597 596 1 0
1005 600 506 598 1 0
1006 390 389 597 1 0
1007 601 506 600 1 0
1008 601 508 506 1 0
1009 601 511 508 1 0
1010 392 598 389 1 0
1011 601 513 511 1 0
1012 392 600 598 1 0
1013 602 392 603 1 0
1014 604 601 600 1 0
1015 602 600 392 1 0
1016 604 513 601 1 0
1017 602 604 600 1 0
1018 605 602 606 1 0
1019 605 604 602 1 0
1020 607 605 608 1 0
1021 609 604 605 1 0
1022 607 609 605 1 0
1023 609 513 604 1 0
1024 610 607 611 1 0
1025 612 513 609 1 0
1026 610 609 607 1 0
1027 612 512 513 1 0
1028 610 612 609 1 0
1029 612 516 512 1 0
1030 613 612 610 1 0
1031 614 610 615 1 0
1032 613 516 612 1 0
1033 614 613 610 1 0
1034 616 516 613 1 0
1035 617 614 618 1 0
1036 619 516 616 1 0
1037 617 613 614 1 0
1038 619 515 516 1 0
1039 617 616 613 1 0
1040 619 518 515 1 0
1041 620 617 621 1 0
1042 622 518 619 1 0
1043 620 616 617 1 0
1044 622 520 518 1 0
1045 623 616 620 1 0
1046 622 522 520 1 0
1047 623 619 616 1 0
1048 622 624 522 1 0
1049 623 622 619 1 0
1050 398 620 625 1 0
1051 623 624 622 1 0
1052 398 623 620 1 0
1053 398 624 623 1 0
1054 626 624 397 1 0
1055 398 397 624 1 0
1056 626 522 624 1 0
1057 626 523 522 1 0
1058 627 523 626 1 0
1059 400 626 397 1 0
1060 627 527 523 1 0
1061 400 627 626 1 0
1062 404 527 627 1 0
1063 405 400 628 1 0
1064 629 527 404 1 0
1065 405 627 400 1 0
1066 630 527 629 1 0
1067 405 404 627 1 0
1068 630 526 527 1 0
1069 630 529 526 1 0
1070 404 403 369 1 0
1071 631 529 630 1 0
1072 369 629 404 1 0
1073 631 531 529 1 0
1074 378 629 369 1 0
1075 631 533 531 1 0
1076 378 630 629 1 0
1077 631 379 533 1 0
1078 378 631 630 1 0
1079 378 379 631 1 0
1080 368 378 369 1 0
1081 632 368 633 1 0
1082 380 368 632 1 0
1083 634 632 635 1 0
1084 634 380 632 1 0
1085 636 379 380 1 0
1086 637 380 634 1 0
1087 636 533 379 1 0
1088 637 636 380 1 0
1089 636 534 533 1 0
1090 638 636 637 1 0
1091 639 634 640 1 0
1092 638 534 636 1 0
1093 639 637 634 1 0
1094 638 536 534 1 0
1095 641 637 639 1 0
1096 638 539 536 1 0
1097 641 638 637 1 0
1098 642 639 643 1 0
1099 641 539 638 1 0
1100 642 641 639 1 0
1101 642 644 641 1 0
1102 644 539 641 1 0
1103 645 642 646 1 0
1104 647 539 644 1 0
1105 645 644 642 1 0
1106 647 538 539 1 0
1107 648 644 645 1 0
1108 649 538 647 1 0
1109 648 647 644 1 0
1110 649 541 538 1 0
1111 650 647 648 1 0
1112 649 544 541 1 0
1113 650 649 647 1 0
1114 651 649 650 1 0
1115 652 547 545 1 0
1116 651 544 649 1 0
1117 652 549 547 1 0
1118 653 544 651 1 0
1119 652 551 549 1 0
1120 653 545 544 1 0
1121 652 654 551 1 0
1122 653 652 545 1 0
1123 655 645 656 1 0
1124 653 654 652 1 0
1125 655 648 645 1 0
1126 653 657 654 1 0
1127 655 650 648 1 0
1128 658 650 655 1 0
1129 651 657 653 1 0
1130 658 651 650 1 0
1131 407 655 659 1 0
1132 658 657 651 1 0
1133 407 658 655 1 0
1134 407 410 658 1 0
1135 410 657 658 1 0
1136 660 657 410 1 0
1137 660 654 657 1 0
1138 413 660 410 1 0
1139 661 654 660 1 0
1140 662 660 413 1 0
1141 661 551 654 1 0
1142 662 661 660 1 0
1143 661 552 551 1 0
1144 417 661 662 1 0
1145 414 413 663 1 0
1146 417 552 661 1 0
1147 414 662 413 1 0
1148 664 552 417 1 0
1149 414 417 662 1 0
1150 665 552 664 1 0
1151 665 550 552 1 0
1152 665 555 550 1 0
1153 418 664 417 1 0
1154 666 555 665 1 0
1155 667 555 666 1 0
1156 668 418 669 1 0
1157 667 556 555 1 0
1158 668 664 418 1 0
1159 667 558 556 1 0
1160 668 665 664 1 0
1161 667 560 558 1 0
1162 668 666 665 1 0
1163 670 668 671 1 0
1164 672 670 673 1 0
1165 674 668 670 1 0
1166 672 674 670 1 0
1167 674 666 668 1 0
1168 675 674 672 1 0
1169 675 666 674 1 0
1170 676 672 677 1 0
1171 675 667 666 1 0
1172 678 672 676 1 0
1173 675 560 667 1 0
1174 678 675 672 1 0
1175 679 676 680 1 0
1176 678 560 675 1 0
1177 679 678 676 1 0
1178 681 679 682 1 0
1179 683 678 679 1 0
1180 684 679 681 1 0
1181 683 560 678 1 0
1182 684 683 679 1 0
1183 683 559 560 1 0
1184 685 683 684 1 0
1185 685 559 683 1 0
1186 686 681 687 1 0
1187 685 562 559 1 0
1188 686 684 681 1 0
1189 688 562 685 1 0
1190 686 685 684 1 0
1191 688 564 562 1 0
1192 686 688 685 1 0
1193 688 567 564 1 0
1194 689 688 686 1 0
1195 422 686 690 1 0
1196 689 567 688 1 0
1197 422 689 686 1 0
1198 423 567 689 1 0
1199 422 423 689 1 0
1200 691 567 423 1 0
1201 691 566 567 1 0
1202 691 570 566 1 0
1203 692 423 425 1 0
1204 691 693 570 1 0
1205 692 691 423 1 0
1206 426 425 694 1 0
1207 692 693 691 1 0
1208 426 692 425 1 0
1209 695 693 358 1 0
1210 426 693 692 1 0
1211 695 570 693 1 0
1212 426 358 693 1 0
1213 695 572 570 1 0
1214 696 572 695 1 0
1215 696 574 572 1 0
1216 697 358 357 1 0
1217 698 574 696 1 0
1218 697 695 358 1 0
1219 698 575 574 1 0
1220 697 696 695 1 0
1221 698 577 575 1 0
1222 699 696 697 1 0
1223 698 579 577 1 0
1224 699 698 696 1 0
1225 700 357 701 1 0
1226 699 579 698 1 0
1227 700 697 357 1 0
1228 702 579 699 1 0
1229 700 699 697 1 0
1230 702 580 579 1 0
1231 700 702 699 1 0
1232 700 703 702 1 0
1233 703 580 702 1 0
1234 704 703 700 1 0
1235 703 582 580 1 0
1236 705 582 703 1 0
1237 582 706 583 1 0
1238 643 707 642 1 0
1239 707 646 642 1 0
1240 646 656 645 1 0
1241 656 659 655 1 0
1242 659 408 407 1 0
1243 411 409 408 1 0
1244 413 409 412 1 0
1245 412 663 413 1 0
1246 663 415 414 1 0
1247 419 416 415 1 0
1248 419 708 418 1 0
1249 708 669 418 1 0
1250 669 671 668 1 0
1251 671 673 670 1 0
1252 673 677 672 1 0
1253 677 709 676 1 0
1254 710 615 610 1 0
1255 615 618 614 1 0
1256 618 621 617 1 0
1257 621 625 620 1 0
1258 625 399 398 1 0
1259 401 628 400 1 0
1260 628 406 405 1 0
1261 402 372 369 1 0
1262 371 633 368 1 0
1263 633 635 632 1 0
1264 635 640 634 1 0
1265 640 643 639 1 0
1266 706 585 583 1 0
1267 585 589 584 1 0
1268 589 594 588 1 0
1269 594 366 364 1 0
1270 367 385 363 1 0
1271 384 599 381 1 0
1272 599 391 390 1 0
1273 393 603 392 1 0
1274 603 606 602 1 0
1275 606 608 605 1 0
1276 608 611 607 1 0
1277 611 710 610 1 0
1278 709 680 676 1 0
1279 680 682 679 1 0
1280 682 687 681 1 0
1281 687 690 686 1 0
1282 690 711 422 1 0
1283 711 420 422 1 0
1284 425 421 424 1 0
1285 424 694 425 1 0
1286 694 427 426 1 0
1287 357 359 361 1 0
1288 361 701 357 1 0
1289 701 704 700 1 0
1290 704 705 703 1 0
1291 705 712 582 1 0
1292 712 706 582 1 0
1293 351 287 713 1 0
1294 713 287 714 1 0
1295 715 351 713 1 0
1296 715 713 714 1 0
1297 353 321 716 1 0
1298 353 716 717 1 0
1299 321 718 716 1 0
1300 719 717 716 1 0
1301 720 721 372 1 0
1302 720 722 721 1 0
1303 723 720 402 1 0
1304 723 722 720 1 0
1305 719 724 725 1 0
1306 726 727 728 1 0
1307 726 729 727 1 0
1308 730 729 726 1 0
1309 731 729 730 1 0
1310 732 731 730 1 0
1311 733 732 734 1 0
1312 735 732 733 1 0
1313 736 735 733 1 0
1314 735 731 732 1 0
1315 737 735 736 1 0
1316 737 738 735 1 0
1317 738 731 735 1 0
1318 739 738 737 1 0
1319 740 731 738 1 0
1320 741 738 739 1 0
1321 740 729 731 1 0
1322 741 740 738 1 0
1323 742 729 740 1 0
1324 743 740 741 1 0
1325 742 727 729 1 0
1326 743 742 740 1 0
1327 742 744 727 1 0
1328 745 742 743 1 0
1329 745 744 742 1 0
1330 746 747 748 1 0
1331 749 745 747 1 0
1332 746 749 747 1 0
1333 749 744 745 1 0
1334 750 749 746 1 0
1335 751 752 753 1 0
1336 754 752 751 1 0
1337 755 756 757 1 0
1338 758 757 750 1 0
1339 755 754 756 1 0
1340 758 755 757 1 0
1341 759 754 755 1 0
1342 760 755 758 1 0
1343 759 752 754 1 0
1344 760 759 755 1 0
1345 759 761 752 1 0
1346 762 759 760 1 0
1347 762 761 759 1 0
1348 763 764 762 1 0
1349 764 761 762 1 0
1350 765 764 763 1 0
1351 766 761 764 1 0
1352 767 764 765 1 0
1353 768 761 766 1 0
1354 767 766 764 1 0
1355 768 752 761 1 0
1356 769 766 767 1 0
1357 768 753 752 1 0
1358 770 766 769 1 0
1359 768 771 753 1 0
1360 770 768 766 1 0
1361 772 769 773 1 0
1362 770 771 768 1 0
1363 772 770 769 1 0
1364 774 775 776 1 0
1365 777 770 772 1 0
1366 778 775 774 1 0
1367 777 771 770 1 0
1368 778 777 775 1 0
1369 779 774 780 1 0
1370 778 771 777 1 0
1371 779 778 774 1 0
1372 781 771 778 1 0
1373 779 781 778 1 0
1374 781 753 771 1 0
1375 782 781 779 1 0
1376 783 753 781 1 0
1377 782 783 781 1 0
1378 783 751 753 1 0
1379 784 782 785 1 0
1380 786 751 783 1 0
1381 784 783 782 1 0
1382 787 751 786 1 0
1383 784 786 783 1 0
1384 787 754 751 1 0
1385 788 786 784 1 0
1386 787 756 754 1 0
1387 789 786 788 1 0
1388 790 756 787 1 0
1389 789 787 786 1 0
1390 791 756 790 1 0
1391 789 790 787 1 0
1392 791 757 756 1 0
1393 792 790 789 1 0
1394 793 757 791 1 0
1395 794 790 792 1 0
1396 793 750 757 1 0
1397 794 791 790 1 0
1398 793 749 750 1 0
1399 795 791 794 1 0
1400 793 744 749 1 0
1401 795 793 791 1 0
1402 796 788 797 1 0
1403 795 744 793 1 0
1404 796 789 788 1 0
1405 795 727 744 1 0
1406 796 792 789 1 0
1407 795 728 727 1 0
1408 798 792 796 1 0
1409 799 792 798 1 0
1410 794 728 795 1 0
1411 799 794 792 1 0
1412 800 798 801 1 0
1413 799 728 794 1 0
1414 800 799 798 1 0
1415 802 728 799 1 0
1416 800 802 799 1 0
1417 802 726 728 1 0
1418 803 802 800 1 0
1419 804 726 802 1 0
1420 803 804 802 1 0
1421 804 730 726 1 0
1422 805 803 806 1 0
1423 807 730 804 1 0
1424 805 804 803 1 0
1425 807 732 730 1 0
1426 805 807 804 1 0
1427 807 734 732 1 0
1428 808 807 805 1 0
1429 808 734 807 1 0
1430 809 734 808 1 0
1431 810 809 808 1 0
1432 811 809 810 1 0
1433 812 811 813 1 0
1434 814 813 815 1 0
1435 812 809 811 1 0
1436 814 812 813 1 0
1437 816 809 812 1 0
1438 817 812 814 1 0
1439 816 734 809 1 0
1440 817 816 812 1 0
1441 816 733 734 1 0
1442 818 816 817 1 0
1443 819 817 820 1 0
1444 818 733 816 1 0
1445 819 818 817 1 0
1446 818 736 733 1 0
1447 821 818 819 1 0
1448 821 736 818 1 0
1449 822 821 823 1 0
1450 824 736 821 1 0
1451 822 824 821 1 0
1452 824 737 736 1 0
1453 825 824 822 1 0
1454 826 737 824 1 0
1455 825 826 824 1 0
1456 826 739 737 1 0
1457 827 826 825 1 0
1458 827 828 826 1 0
1459 828 739 826 1 0
1460 829 828 827 1 0
1461 830 829 831 1 0
1462 832 831 829 1 0
1463 830 828 829 1 0
1464 833 831 832 1 0
1465 834 828 830 1 0
1466 835 831 833 1 0
1467 834 739 828 1 0
1468 836 831 835 1 0
1469 834 741 739 1 0
1470 836 830 831 1 0
1471 837 741 834 1 0
1472 838 830 836 1 0
1473 837 743 741 1 0
1474 838 834 830 1 0
1475 839 743 837 1 0
1476 838 837 834 1 0
1477 839 745 743 1 0
1478 840 837 838 1 0
1479 839 747 745 1 0
1480 840 839 837 1 0
1481 840 841 839 1 0
1482 841 747 839 1 0
1483 842 841 840 1 0
1484 841 748 747 1 0
1485 843 841 842 1 0
1486 843 748 841 1 0
1487 844 748 845 1 0
1488 843 845 748 1 0
1489 844 746 748 1 0
1490 846 845 843 1 0
1491 847 746 844 1 0
1492 848 845 846 1 0
1493 847 750 746 1 0
1494 849 845 848 1 0
1495 847 758 750 1 0
1496 849 844 845 1 0
1497 850 758 847 1 0
1498 851 844 849 1 0
1499 850 760 758 1 0
1500 851 847 844 1 0
1501 852 760 850 1 0
1502 851 850 847 1 0
1503 852 762 760 1 0
1504 853 850 851 1 0
1505 852 763 762 1 0
1506 853 852 850 1 0
1507 853 854 852 1 0
1508 854 763 852 1 0
1509 855 854 853 1 0
1510 856 763 854 1 0
1511 857 854 855 1 0
1512 856 765 763 1 0
1513 857 856 854 1 0
1514 858 859 857 1 0
1515 859 856 857 1 0
1516 860 859 858 1 0
1517 861 856 859 1 0
1518 862 859 860 1 0
1519 861 765 856 1 0
1520 862 861 859 1 0
1521 863 765 861 1 0
1522 864 861 862 1 0
1523 863 767 765 1 0
1524 864 863 861 1 0
1525 865 767 863 1 0
1526 866 863 864 1 0
1527 865 769 767 1 0
1528 866 865 863 1 0
1529 865 773 769 1 0
1530 867 865 866 1 0
1531 868 723 406 1 0
1532 867 773 865 1 0
1533 868 869 723 1 0
1534 870 868 628 1 0
1535 870 869 868 1 0
1536 871 870 401 1 0
1537 872 869 870 1 0
1538 873 870 871 1 0
1539 872 867 869 1 0
1540 873 872 870 1 0
1541 872 773 867 1 0
1542 874 872 873 1 0
1543 875 871 394 1 0
1544 874 773 872 1 0
1545 875 873 871 1 0
1546 874 772 773 1 0
1547 876 873 875 1 0
1548 877 772 874 1 0
1549 876 874 873 1 0
1550 877 777 772 1 0
1551 876 877 874 1 0
1552 877 775 777 1 0
1553 878 877 876 1 0
1554 879 875 399 1 0
1555 878 775 877 1 0
1556 880 875 879 1 0
1557 878 776 775 1 0
1558 880 876 875 1 0
1559 878 881 776 1 0
1560 880 878 876 1 0
1561 882 879 625 1 0
1562 880 881 878 1 0
1563 882 880 879 1 0
1564 882 881 880 1 0
1565 882 883 881 1 0
1566 884 882 621 1 0
1567 884 883 882 1 0
1568 885 886 615 1 0
1569 887 885 888 1 0
1570 886 884 618 1 0
1571 887 886 885 1 0
1572 886 883 884 1 0
1573 889 886 887 1 0
1574 890 887 891 1 0
1575 889 883 886 1 0
1576 890 889 887 1 0
1577 892 883 889 1 0
1578 893 889 890 1 0
1579 892 881 883 1 0
1580 893 892 889 1 0
1581 892 776 881 1 0
1582 894 892 893 1 0
1583 895 890 896 1 0
1584 894 776 892 1 0
1585 895 893 890 1 0
1586 894 774 776 1 0
1587 897 893 895 1 0
1588 894 780 774 1 0
1589 897 894 893 1 0
1590 898 895 899 1 0
1591 897 780 894 1 0
1592 898 897 895 1 0
1593 898 900 897 1 0
1594 900 780 897 1 0
1595 901 780 900 1 0
1596 902 898 903 1 0
1597 901 779 780 1 0
1598 902 900 898 1 0
1599 901 782 779 1 0
1600 904 900 902 1 0
1601 901 785 782 1 0
1602 904 901 900 1 0
1603 905 902 906 1 0
1604 904 785 901 1 0
1605 905 904 902 1 0
1606 905 907 904 1 0
1607 907 785 904 1 0
1608 908 785 907 1 0
1609 909 905 910 1 0
1610 908 784 785 1 0
1611 909 907 905 1 0
1612 908 788 784 1 0
1613 911 907 909 1 0
1614 908 797 788 1 0
1615 911 908 907 1 0
1616 912 909 913 1 0
1617 911 797 908 1 0
1618 912 911 909 1 0
1619 912 914 911 1 0
1620 914 797 911 1 0
1621 915 797 914 1 0
1622 916 912 917 1 0
1623 915 796 797 1 0
1624 916 914 912 1 0
1625 915 798 796 1 0
1626 918 914 916 1 0
1627 915 801 798 1 0
1628 918 915 914 1 0
1629 919 916 920 1 0
1630 918 801 915 1 0
1631 919 918 916 1 0
1632 919 921 918 1 0
1633 921 801 918 1 0
1634 922 801 921 1 0
1635 923 919 924 1 0
1636 922 800 801 1 0
1637 923 921 919 1 0
1638 922 803 800 1 0
1639 925 921 923 1 0
1640 922 806 803 1 0
1641 925 922 921 1 0
1642 926 923 927 1 0
1643 925 806 922 1 0
1644 926 925 923 1 0
1645 926 928 925 1 0
1646 928 806 925 1 0
1647 929 806 928 1 0
1648 930 926 931 1 0
1649 929 805 806 1 0
1650 930 928 926 1 0
1651 929 808 805 1 0
1652 932 928 930 1 0
1653 929 810 808 1 0
1654 932 929 928 1 0
1655 933 930 934 1 0
1656 932 810 929 1 0
1657 933 932 930 1 0
1658 935 810 932 1 0
1659 933 935 932 1 0
1660 935 811 810 1 0
1661 936 933 937 1 0
1662 938 811 935 1 0
1663 936 935 933 1 0
1664 938 813 811 1 0
1665 936 938 935 1 0
1666 939 936 940 1 0
1667 724 939 941 1 0
1668 939 938 936 1 0
1669 942 939 724 1 0
1670 719 716 718 1 0
1671 942 938 939 1 0
1672 943 719 718 1 0
1673 942 813 938 1 0
1674 943 724 719 1 0
1675 942 815 813 1 0
1676 943 942 724 1 0
1677 944 718 317 1 0
1678 943 815 942 1 0
1679 944 943 718 1 0
1680 945 944 315 1 0
1681 944 815 943 1 0
1682 946 944 945 1 0
1683 946 815 944 1 0
1684 814 820 817 1 0
1685 946 814 815 1 0
1686 947 945 313 1 0
1687 946 820 814 1 0
1688 947 946 945 1 0
1689 948 947 352 1 0
1690 947 820 946 1 0
1691 949 947 948 1 0
1692 949 820 947 1 0
1693 819 823 821 1 0
1694 949 819 820 1 0
1695 950 948 63 1 0
1696 949 823 819 1 0
1697 950 949 948 1 0
1698 951 950 59 1 0
1699 950 823 949 1 0
1700 952 950 951 1 0
1701 952 823 950 1 0
1702 953 951 307 1 0
1703 952 822 823 1 0
1704 953 952 951 1 0
1705 954 822 952 1 0
1706 953 954 952 1 0
1707 954 825 822 1 0
1708 955 825 954 1 0
1709 956 953 56 1 0
1710 955 827 825 1 0
1711 957 953 956 1 0
1712 958 827 955 1 0
1713 957 954 953 1 0
1714 958 829 827 1 0
1715 957 955 954 1 0
1716 958 832 829 1 0
1717 959 955 957 1 0
1718 958 960 832 1 0
1719 959 958 955 1 0
1720 961 956 55 1 0
1721 959 960 958 1 0
1722 961 957 956 1 0
1723 959 962 960 1 0
1724 961 959 957 1 0
1725 961 962 959 1 0
1726 963 961 52 1 0
1727 963 962 961 1 0
1728 715 964 351 1 0
1729 964 965 300 1 0
1730 966 964 715 1 0
1731 965 963 303 1 0
1732 966 965 964 1 0
1733 965 962 963 1 0
1734 967 965 966 1 0
1735 968 715 969 1 0
1736 967 962 965 1 0
1737 968 966 715 1 0
1738 967 960 962 1 0
1739 970 966 968 1 0
1740 971 960 967 1 0
1741 970 967 966 1 0
1742 971 832 960 1 0
1743 970 971 967 1 0
1744 971 833 832 1 0
1745 972 971 970 1 0
1746 973 968 974 1 0
1747 972 833 971 1 0
1748 973 970 968 1 0
1749 975 833 972 1 0
1750 973 972 970 1 0
1751 975 835 833 1 0
1752 976 973 977 1 0
1753 978 835 975 1 0
1754 976 972 973 1 0
1755 979 835 978 1 0
1756 976 975 972 1 0
1757 979 836 835 1 0
1758 980 836 979 1 0
1759 981 976 982 1 0
1760 980 838 836 1 0
1761 981 975 976 1 0
1762 980 840 838 1 0
1763 981 978 975 1 0
1764 980 842 840 1 0
1765 983 981 984 1 0
1766 980 985 842 1 0
1767 983 978 981 1 0
1768 986 978 983 1 0
1769 979 985 980 1 0
1770 986 979 978 1 0
1771 987 983 988 1 0
1772 986 985 979 1 0
1773 987 986 983 1 0
1774 989 986 987 1 0
1775 990 842 985 1 0
1776 989 985 986 1 0
1777 990 843 842 1 0
1778 989 990 985 1 0
1779 990 846 843 1 0
1780 991 990 989 1 0
1781 992 987 993 1 0
1782 991 846 990 1 0
1783 992 989 987 1 0
1784 994 846 991 1 0
1785 992 991 989 1 0
1786 994 848 846 1 0
1787 995 992 996 1 0
1788 997 848 994 1 0
1789 995 991 992 1 0
1790 998 848 997 1 0
1791 995 994 991 1 0
1792 998 849 848 1 0
1793 999 849 998 1 0
1794 1000 995 1001 1 0
1795 999 851 849 1 0
1796 1000 994 995 1 0
1797 999 853 851 1 0
1798 1000 997 994 1 0
1799 999 855 853 1 0
1800 1002 1000 1003 1 0
1801 999 1004 855 1 0
1802 1002 997 1000 1 0
1803 1005 997 1002 1 0
1804 998 1004 999 1 0
1805 1005 998 997 1 0
1806 1006 1002 1007 1 0
1807 1005 1004 998 1 0
1808 1006 1005 1002 1 0
1809 1008 1005 1006 1 0
1810 1009 855 1004 1 0
1811 1008 1004 1005 1 0
1812 1009 857 855 1 0
1813 1008 1009 1004 1 0
1814 1009 858 857 1 0
1815 1010 1009 1008 1 0
1816 1011 1006 1012 1 0
1817 1010 858 1009 1 0
1818 1011 1008 1006 1 0
1819 1013 858 1010 1 0
1820 1011 1010 1008 1 0
1821 1013 860 858 1 0
1822 1014 1011 1015 1 0
1823 1016 860 1013 1 0
1824 1014 1010 1011 1 0
1825 1017 860 1016 1 0
1826 1014 1013 1010 1 0
1827 1017 862 860 1 0
1828 1018 862 1017 1 0
1829 1019 1014 1020 1 0
1830 1018 864 862 1 0
1831 1019 1013 1014 1 0
1832 1021 864 1018 1 0
1833 1019 1016 1013 1 0
1834 1021 866 864 1 0
1835 1022 1019 1023 1 0
1836 1024 866 1021 1 0
1837 1022 1016 1019 1 0
1838 1024 867 866 1 0
1839 1025 1016 1022 1 0
1840 1024 869 867 1 0
1841 1025 1017 1016 1 0
1842 1024 723 869 1 0
1843 1026 1017 1025 1 0
1844 1024 722 723 1 0
1845 1026 1018 1017 1 0
1846 1027 1018 1026 1 0
1847 1021 722 1024 1 0
1848 1027 1021 1018 1 0
1849 721 1028 371 1 0
1850 1027 722 1021 1 0
1851 721 1029 1028 1 0
1852 1027 721 722 1 0
1853 1030 1022 1031 1 0
1854 1027 1029 721 1 0
1855 1030 1025 1022 1 0
1856 1032 1025 1030 1 0
1857 1026 1029 1027 1 0
1858 1032 1026 1025 1 0
1859 1033 1030 1034 1 0
1860 1032 1029 1026 1 0
1861 1033 1032 1030 1 0
1862 1035 1029 1032 1 0
1863 1033 1035 1032 1 0
1864 1035 1028 1029 1 0
1865 1036 1033 1037 1 0
1866 1035 633 1028 1 0
1867 1036 1035 1033 1 0
1868 1036 635 1035 1 0
1869 714 969 715 1 0
1870 969 974 968 1 0
1871 974 977 973 1 0
1872 977 982 976 1 0
1873 982 984 981 1 0
1874 984 988 983 1 0
1875 988 993 987 1 0
1876 993 996 992 1 0
1877 996 1001 995 1 0
1878 1001 1003 1000 1 0
1879 1003 1007 1002 1 0
1880 1007 1012 1006 1 0
1881 1012 1015 1011 1 0
1882 1015 1020 1014 1 0
1883 1020 1023 1019 1 0
1884 1023 1031 1022 1 0
1885 1031 1034 1030 1 0
1886 1034 1037 1033 1 0
1887 1037 643 1036 1 0
1888 290 351 964 1 0
1889 300 290 964 1 0
1890 303 300 965 1 0
1891 52 303 963 1 0
1892 55 52 961 1 0
1893 56 55 956 1 0
1894 307 56 953 1 0
1895 59 307 951 1 0
1896 63 59 950 1 0
1897 352 63 948 1 0
1898 313 352 947 1 0
1899 315 313 945 1 0
1900 317 315 944 1 0
1901 321 317 718 1 0
1902 725 717 719 1 0
1903 941 725 724 1 0
1904 940 941 939 1 0
1905 937 940 936 1 0
1906 934 937 933 1 0
1907 931 934 930 1 0
1908 927 931 926 1 0
1909 924 927 923 1 0
1910 920 924 919 1 0
1911 917 920 916 1 0
1912 913 917 912 1 0
1913 910 913 909 1 0
1914 906 910 905 1 0
1915 903 906 902 1 0
1916 899 903 898 1 0
1917 896 899 895 1 0
1918 891 896 890 1 0
1919 888 891 887 1 0
1920 710 888 885 1 0
1921 615 710 885 1 0
1922 618 615 886 1 0
1923 621 618 884 1 0
1924 625 621 882 1 0
1925 399 625 879 1 0
1926 394 399 875 1 0
1927 401 394 871 1 0
1928 628 401 870 1 0
1929 406 628 868 1 0
1930 402 406 723 1 0
1931 372 402 720 1 0
1932 371 372 721 1 0
1933 633 371 1028 1 0
1934 635 633 1035 1 0
1935 640 635 1036 1 0
1936 643 640 1036 1 0
1937 259 354 1038 1 0
1938 1038 354 1039 1 0
1939 1040 259 1038 1 0
1940 1040 1038 1039 1 0
1941 287 284 1041 1 0
1942 287 1041 714 1 0
1943 284 1042 1041 1 0
1944 1043 714 1041 1 0
1945 1044 1045 708 1 0
1946 1044 1046 1045 1 0
1947 1047 1044 419 1 0
1948 1047 1046 1044 1 0
1949 1043 1048 969 1 0
1950 1049 1050 1051 1 0
1951 1049 1052 1050 1 0
1952 1053 1052 1049 1 0
1953 1054 1052 1053 1 0
1954 1055 1054 1053 1 0
1955 1056 1055 1057 1 0
1956 1058 1055 1056 1 0
1957 1059 1058 1056 1 0
1958 1058 1054 1055 1 0
1959 1060 1058 1059 1 0
1960 1060 1061 1058 1 0
1961 1061 1054 1058 1 0
1962 1062 1061 1060 1 0
1963 1063 1054 1061 1 0
1964 1064 1061 1062 1 0
1965 1063 1052 1054 1 0
1966 1064 1063 1061 1 0
1967 1065 1052 1063 1 0
1968 1066 1063 1064 1 0
1969 1065 1050 1052 1 0
1970 1066 1065 1063 1 0
1971 1065 1067 1050 1 0
1972 1068 1065 1066 1 0
1973 1068 1067 1065 1 0
1974 1069 1070 1071 1 0
1975 1072 1068 1070 1 0
1976 1069 1072 1070 1 0
1977 1072 1067 1068 1 0
1978 1073 1072 1069 1 0
1979 1074 1075 1076 1 0
1980 1077 1075 1074 1 0
1981 1078 1079 1080 1 0
1982 1081 1080 1073 1 0
1983 1078 1077 1079 1 0
1984 1081 1078 1080 1 0
1985 1082 1077 1078 1 0
1986 1083 1078 1081 1 0
1987 1082 1075 1077 1 0
1988 1083 1082 1078 1 0
1989 1082 1084 1075 1 0
1990 1085 1082 1083 1 0
1991 1085 1084 1082 1 0
1992 1086 1087 1085 1 0
1993 1087 1084 1085 1 0
1994 1088 1087 1086 1 0
1995 1089 1084 1087 1 0
1996 1090 1087 1088 1 0
1997 1091 1084 1089 1 0
1998 1090 1089 1087 1 0
1999 1091 1075 1084 1 0
2000 1092 1089 1090 1 0
2001 1091 1076 1075 1 0
2002 1093 1089 1092 1 0
2003 1091 1094 1076 1 0
2004 1093 1091 1089 1 0
2005 1095 1092 1096 1 0
2006 1093 1094 1091 1 0
2007 1095 1093 1092 1 0
2008 1097 1098 1099 1 0
2009 1100 1093 1095 1 0
2010 1101 1098 1097 1 0
2011 1100 1094 1093 1 0
2012 1101 1100 1098 1 0
2013 1102 1097 1103 1 0
2014 1101 1094 1100 1 0
2015 1102 1101 1097 1 0
2016 1104 1094 1101 1 0
2017 1102 1104 1101 1 0
2018 1104 1076 1094 1 0
2019 1105 1104 1102 1 0
2020 1106 1076 1104 1 0
2021 1105 1106 1104 1 0
2022 1106 1074 1076 1 0
2023 1107 1105 1108 1 0
2024 1109 1074 1106 1 0
2025 1107 1106 1105 1 0
2026 1110 1074 1109 1 0
2027 1107 1109 1106 1 0
2028 1110 1077 1074 1 0
2029 1111 1109 1107 1 0
2030 1110 1079 1077 1 0
2031 1112 1109 1111 1 0
2032 1113 1079 1110 1 0
2033 1112 1110 1109 1 0
2034 1114 1079 1113 1 0
2035 1112 1113 1110 1 0
2036 1114 1080 1079 1 0
2037 1115 1113 1112 1 0
2038 1116 1080 1114 1 0
2039 1117 1113 1115 1 0
2040 1116 1073 1080 1 0
2041 1117 1114 1113 1 0
2042 1116 1072 1073 1 0
2043 1118 1114 1117 1 0
2044 1116 1067 1072 1 0
2045 1118 1116 1114 1 0
2046 1119 1111 1120 1 0
2047 1118 1067 1116 1 0
2048 1119 1112 1111 1 0
2049 1118 1050 1067 1 0
2050 1119 1115 1112 1 0
2051 1118 1051 1050 1 0
2052 1121 1115 1119 1 0
2053 1122 1115 1121 1 0
2054 1117 1051 1118 1 0
2055 1122 1117 1115 1 0
2056 1123 1121 1124 1 0
2057 1122 1051 1117 1 0
2058 1123 1122 1121 1 0
2059 1125 1051 1122 1 0
2060 1123 1125 1122 1 0
2061 1125 1049 1051 1 0
2062 1126 1125 1123 1 0
2063 1127 1049 1125 1 0
2064 1126 1127 1125 1 0
2065 1127 1053 1049 1 0
2066 1128 1126 1129 1 0
2067 1130 1053 1127 1 0
2068 1128 1127 1126 1 0
2069 1130 1055 1053 1 0
2070 1128 1130 1127 1 0
2071 1130 1057 1055 1 0
2072 1131 1130 1128 1 0
2073 1131 1057 1130 1 0
2074 1132 1057 1131 1 0
2075 1133 1132 1131 1 0
2076 1134 1132 1133 1 0
2077 1135 1134 1136 1 0
2078 1137 1136 1138 1 0
2079 1135 1132 1134 1 0
2080 1137 1135 1136 1 0
2081 1139 1132 1135 1 0
2082 1140 1135 1137 1 0
2083 1139 1057 1132 1 0
2084 1140 1139 1135 1 0
2085 1139 1056 1057 1 0
2086 1141 1139 1140 1 0
2087 1142 1140 1143 1 0
2088 1141 1056 1139 1 0
2089 1142 1141 1140 1 0
2090 1141 1059 1056 1 0
2091 1144 1141 1142 1 0
2092 1144 1059 1141 1 0
2093 1145 1144 1146 1 0
2094 1147 1059 1144 1 0
2095 1145 1147 1144 1 0
2096 1147 1060 1059 1 0
2097 1148 1147 1145 1 0
2098 1149 1060 1147 1 0
2099 1148 1149 1147 1 0
2100 1149 1062 1060 1 0
2101 1150 1149 1148 1 0
2102 1150 1151 1149 1 0
2103 1151 1062 1149 1 0
2104 1152 1151 1150 1 0
2105 1153 1152 1154 1 0
2106 1155 1154 1152 1 0
2107 1153 1151 1152 1 0
2108 1156 1154 1155 1 0
2109 1157 1151 1153 1 0
2110 1158 1154 1156 1 0
2111 1157 1062 1151 1 0
2112 1159 1154 1158 1 0
2113 1157 1064 1062 1 0
2114 1159 1153 1154 1 0
2115 1160 1064 1157 1 0
2116 1161 1153 1159 1 0
2117 1160 1066 1064 1 0
2118 1161 1157 1153 1 0
2119 1162 1066 1160 1 0
2120 1161 1160 1157 1 0
2121 1162 1068 1066 1 0
2122 1163 1160 1161 1 0
2123 1162 1070 1068 1 0
2124 1163 1162 1160 1 0
2125 1163 1164 1162 1 0
2126 1164 1070 1162 1 0
2127 1165 1164 1163 1 0
2128 1164 1071 1070 1 0
2129 1166 1164 1165 1 0
2130 1166 1071 1164 1 0
2131 1167 1071 1168 1 0
2132 1166 1168 1071 1 0
2133 1167 1069 1071 1 0
2134 1169 1168 1166 1 0
2135 1170 1069 1167 1 0
2136 1171 1168 1169 1 0
2137 1170 1073 1069 1 0
2138 1172 1168 1171 1 0
2139 1170 1081 1073 1 0
2140 1172 1167 1168 1 0
2141 1173 1081 1170 1 0
2142 1174 1167 1172 1 0
2143 1173 1083 1081 1 0
2144 1174 1170 1167 1 0
2145 1175 1083 1173 1 0
2146 1174 1173 1170 1 0
2147 1175 1085 1083 1 0
2148 1176 1173 1174 1 0
2149 1175 1086 1085 1 0
2150 1176 1175 1173 1 0
2151 1176 1177 1175 1 0
2152 1177 1086 1175 1 0
2153 1178 1177 1176 1 0
2154 1179 1086 1177 1 0
2155 1180 1177 1178 1 0
2156 1179 1088 1086 1 0
2157 1180 1179 1177 1 0
2158 1181 1182 1180 1 0
2159 1182 1179 1180 1 0
2160 1183 1182 1181 1 0
2161 1184 1179 1182 1 0
2162 1185 1182 1183 1 0
2163 1184 1088 1179 1 0
2164 1185 1184 1182 1 0
2165 1186 1088 1184 1 0
2166 1187 1184 1185 1 0
2167 1186 1090 1088 1 0
2168 1187 1186 1184 1 0
2169 1188 1090 1186 1 0
2170 1189 1186 1187 1 0
2171 1188 1092 1090 1 0
2172 1189 1188 1186 1 0
2173 1188 1096 1092 1 0
2174 1190 1188 1189 1 0
2175 1191 1047 415 1 0
2176 1190 1096 1188 1 0
2177 1191 1192 1047 1 0
2178 1193 1191 663 1 0
2179 1193 1192 1191 1 0
2180 1194 1193 412 1 0
2181 1195 1192 1193 1 0
2182 1196 1193 1194 1 0
2183 1195 1190 1192 1 0
2184 1196 1195 1193 1 0
2185 1195 1096 1190 1 0
2186 1197 1195 1196 1 0
2187 1198 1194 411 1 0
2188 1197 1096 1195 1 0
2189 1198 1196 1194 1 0
2190 1197 1095 1096 1 0
2191 1199 1196 1198 1 0
2192 1200 1095 1197 1 0
2193 1199 1197 1196 1 0
2194 1200 1100 1095 1 0
2195 1199 1200 1197 1 0
2196 1200 1098 1100 1 0
2197 1201 1200 1199 1 0
2198 1202 1198 408 1 0
2199 1201 1098 1200 1 0
2200 1203 1198 1202 1 0
2201 1201 1099 1098 1 0
2202 1203 1199 1198 1 0
2203 1201 1204 1099 1 0
2204 1203 1201 1199 1 0
2205 1205 1202 659 1 0
2206 1203 1204 1201 1 0
2207 1205 1203 1202 1 0
2208 1205 1204 1203 1 0
2209 1205 1206 1204 1 0
2210 1207 1205 656 1 0
2211 1207 1206 1205 1 0
2212 1208 1209 707 1 0
2213 1210 1208 1037 1 0
2214 1209 1207 646 1 0
2215 1210 1209 1208 1 0
2216 1209 1206 1207 1 0
2217 1211 1209 1210 1 0
2218 1212 1210 1034 1 0
2219 1211 1206 1209 1 0
2220 1212 1211 1210 1 0
2221 1213 1206 1211 1 0
2222 1214 1211 1212 1 0
2223 1213 1204 1206 1 0
2224 1214 1213 1211 1 0
2225 1213 1099 1204 1 0
2226 1215 1213 1214 1 0
2227 1216 1212 1031 1 0
2228 1215 1099 1213 1 0
2229 1216 1214 1212 1 0
2230 1215 1097 1099 1 0
2231 1217 1214 1216 1 0
2232 1215 1103 1097 1 0
2233 1217 1215 1214 1 0
2234 1218 1216 1023 1 0
2235 1217 1103 1215 1 0
2236 1218 1217 1216 1 0
2237 1218 1219 1217 1 0
2238 1219 1103 1217 1 0
2239 1220 1103 1219 1 0
2240 1221 1218 1020 1 0
2241 1220 1102 1103 1 0
2242 1221 1219 1218 1 0
2243 1220 1105 1102 1 0
2244 1222 1219 1221 1 0
2245 1220 1108 1105 1 0
2246 1222 1220 1219 1 0
2247 1223 1221 1015 1 0
2248 1222 1108 1220 1 0
2249 1223 1222 1221 1 0
2250 1223 1224 1222 1 0
2251 1224 1108 1222 1 0
2252 1225 1108 1224 1 0
2253 1226 1223 1012 1 0
2254 1225 1107 1108 1 0
2255 1226 1224 1223 1 0
2256 1225 1111 1107 1 0
2257 1227 1224 1226 1 0
2258 1225 1120 1111 1 0
2259 1227 1225 1224 1 0
2260 1228 1226 1007 1 0
2261 1227 1120 1225 1 0
2262 1228 1227 1226 1 0
2263 1228 1229 1227 1 0
2264 1229 1120 1227 1 0
2265 1230 1120 1229 1 0
2266 1231 1228 1003 1 0
2267 1230 1119 1120 1 0
2268 1231 1229 1228 1 0
2269 1230 1121 1119 1 0
2270 1232 1229 1231 1 0
2271 1230 1124 1121 1 0
2272 1232 1230 1229 1 0
2273 1233 1231 1001 1 0
2274 1232 1124 1230 1 0
2275 1233 1232 1231 1 0
2276 1233 1234 1232 1 0
2277 1234 1124 1232 1 0
2278 1235 1124 1234 1 0
2279 1236 1233 996 1 0
2280 1235 1123 1124 1 0
2281 1236 1234 1233 1 0
2282 1235 1126 1123 1 0
2283 1237 1234 1236 1 0
2284 1235 1129 1126 1 0
2285 1237 1235 1234 1 0
2286 1238 1236 993 1 0
2287 1237 1129 1235 1 0
2288 1238 1237 1236 1 0
2289 1238 1239 1237 1 0
2290 1239 1129 1237 1 0
2291 1240 1129 1239 1 0
2292 1241 1238 988 1 0
2293 1240 1128 1129 1 0
2294 1241 1239 1238 1 0
2295 1240 1131 1128 1 0
2296 1242 1239 1241 1 0
2297 1240 1133 1131 1 0
2298 1242 1240 1239 1 0
2299 1243 1241 984 1 0
2300 1242 1133 1240 1 0
2301 1243 1242 1241 1 0
2302 1244 1133 1242 1 0
2303 1243 1244 1242 1 0
2304 1244 1134 1133 1 0
2305 1245 1243 982 1 0
2306 1246 1134 1244 1 0
2307 1245 1244 1243 1 0
2308 1246 1136 1134 1 0
2309 1245 1246 1244 1 0
2310 1247 1245 977 1 0
2311 1048 1247 974 1 0
2312 1247 1246 1245 1 0
2313 1248 1247 1048 1 0
2314 1043 1041 1042 1 0
2315 1248 1246 1247 1 0
2316 1249 1043 1042 1 0
2317 1248 1136 1246 1 0
2318 1249 1048 1043 1 0
2319 1248 1138 1136 1 0
2320 1249 1248 1048 1 0
2321 1250 1042 279 1 0
2322 1249 1138 1248 1 0
2323 1250 1249 1042 1 0
2324 1251 1250 277 1 0
2325 1250 1138 1249 1 0
2326 1252 1250 1251 1 0
2327 1252 1138 1250 1 0
2328 1137 1143 1140 1 0
2329 1252 1137 1138 1 0
2330 1253 1251 15 1 0
2331 1252 1143 1137 1 0
2332 1253 1252 1251 1 0
2333 1254 1253 16 1 0
2334 1253 1143 1252 1 0
2335 1255 1253 1254 1 0
2336 1255 1143 1253 1 0
2337 1142 1146 1144 1 0
2338 1255 1142 1143 1 0
2339 1256 1254 46 1 0
2340 1255 1146 1142 1 0
2341 1256 1255 1254 1 0
2342 1257 1256 50 1 0
2343 1256 1146 1255 1 0
2344 1258 1256 1257 1 0
2345 1258 1146 1256 1 0
2346 1259 1257 272 1 0
2347 1258 1145 1146 1 0
2348 1259 1258 1257 1 0
2349 1260 1145 1258 1 0
2350 1259 1260 1258 1 0
2351 1260 1148 1145 1 0
2352 1261 1148 1260 1 0
2353 1262 1259 45 1 0
2354 1261 1150 1148 1 0
2355 1263 1259 1262 1 0
2356 1264 1150 1261 1 0
2357 1263 1260 1259 1 0
2358 1264 1152 1150 1 0
2359 1263 1261 1260 1 0
2360 1264 1155 1152 1 0
2361 1265 1261 1263 1 0
2362 1264 1266 1155 1 0
2363 1265 1264 1261 1 0
2364 1267 1262 38 1 0
2365 1265 1266 1264 1 0
2366 1267 1263 1262 1 0
2367 1265 1268 1266 1 0
2368 1267 1265 1263 1 0
2369 1267 1268 1265 1 0
2370 1269 1267 43 1 0
2371 1269 1268 1267 1 0
2372 1040 1270 259 1 0
2373 1270 1271 265 1 0
2374 1272 1270 1040 1 0
2375 1271 1269 269 1 0
2376 1272 1271 1270 1 0
2377 1271 1268 1269 1 0
2378 1273 1271 1272 1 0
2379 1274 1040 1275 1 0
2380 1273 1268 1271 1 0
2381 1274 1272 1040 1 0
2382 1273 1266 1268 1 0
2383 1276 1272 1274 1 0
2384 1277 1266 1273 1 0
2385 1276 1273 1272 1 0
2386 1277 1155 1266 1 0
2387 1276 1277 1273 1 0
2388 1277 1156 1155 1 0
2389 1278 1277 1276 1 0
2390 1279 1274 1280 1 0
2391 1278 1156 1277 1 0
2392 1279 1276 1274 1 0
2393 1281 1156 1278 1 0
2394 1279 1278 1276 1 0
2395 1281 1158 1156 1 0
2396 1282 1279 1283 1 0
2397 1284 1158 1281 1 0
2398 1282 1278 1279 1 0
2399 1285 1158 1284 1 0
2400 1282 1281 1278 1 0
2401 1285 1159 1158 1 0
2402 1286 1159 1285 1 0
2403 1287 1282 1288 1 0
2404 1286 1161 1159 1 0
2405 1287 1281 1282 1 0
2406 1286 1163 1161 1 0
2407 1287 1284 1281 1 0
2408 1286 1165 1163 1 0
2409 1289 1287 1290 1 0
2410 1286 1291 1165 1 0
2411 1289 1284 1287 1 0
2412 1292 1284 1289 1 0
2413 1285 1291 1286 1 0
2414 1292 1285 1284 1 0
2415 1293 1289 1294 1 0
2416 1292 1291 1285 1 0
2417 1293 1292 1289 1 0
2418 1295 1292 1293 1 0
2419 1296 1165 1291 1 0
2420 1295 1291 1292 1 0
2421 1296 1166 1165 1 0
2422 1295 1296 1291 1 0
2423 1296 1169 1166 1 0
2424 1297 1296 1295 1 0
2425 1298 1293 1299 1 0
2426 1297 1169 1296 1 0
2427 1298 1295 1293 1 0
2428 1300 1169 1297 1 0
2429 1298 1297 1295 1 0
2430 1300 1171 1169 1 0
2431 1301 1298 1302 1 0
2432 1303 1171 1300 1 0
2433 1301 1297 1298 1 0
2434 1304 1171 1303 1 0
2435 1301 1300 1297 1 0
2436 1304 1172 1171 1 0
2437 1305 1172 1304 1 0
2438 1306 1301 1307 1 0
2439 1305 1174 1172 1 0
2440 1306 1300 1301 1 0
2441 1305 1176 1174 1 0
2442 1306 1303 1300 1 0
2443 1305 1178 1176 1 0
2444 1308 1306 1309 1 0
2445 1305 1310 1178 1 0
2446 1308 1303 1306 1 0
2447 1311 1303 1308 1 0
2448 1304 1310 1305 1 0
2449 1311 1304 1303 1 0
2450 1312 1308 1313 1 0
2451 1311 1310 1304 1 0
2452 1312 1311 1308 1 0
2453 1314 1311 1312 1 0
2454 1315 1178 1310 1 0
2455 1314 1310 1311 1 0
2456 1315 1180 1178 1 0
2457 1314 1315 1310 1 0
2458 1315 1181 1180 1 0
2459 1316 1315 1314 1 0
2460 1317 1312 1318 1 0
2461 1316 1181 1315 1 0
2462 1317 1314 1312 1 0
2463 1319 1181 1316 1 0
2464 1317 1316 1314 1 0
2465 1319 1183 1181 1 0
2466 1320 1317 1321 1 0
2467 1322 1183 1319 1 0
2468 1320 1316 1317 1 0
2469 1323 1183 1322 1 0
2470 1320 1319 1316 1 0
2471 1323 1185 1183 1 0
2472 1324 1185 1323 1 0
2473 1325 1320 1326 1 0
2474 1324 1187 1185 1 0
2475 1325 1319 1320 1 0
2476 1327 1187 1324 1 0
2477 1325 1322 1319 1 0
2478 1327 1189 1187 1 0
2479 1328 1325 1329 1 0
2480 1330 1189 1327 1 0
2481 1328 1322 1325 1 0
2482 1330 1190 1189 1 0
2483 1331 1322 1328 1 0
2484 1330 1192 1190 1 0
2485 1331 1323 1322 1 0
2486 1330 1047 1192 1 0
2487 1332 1323 1331 1 0
2488 1330 1046 1047 1 0
2489 1332 1324 1323 1 0
2490 1333 1324 1332 1 0
2491 1327 1046 1330 1 0
2492 1333 1327 1324 1 0
2493 1045 1334 669 1 0
2494 1333 1046 1327 1 0
2495 1045 1335 1334 1 0
2496 1333 1045 1046 1 0
2497 1336 1328 1337 1 0
2498 1333 1335 1045 1 0
2499 1336 1331 1328 1 0
2500 1338 1331 1336 1 0
2501 1332 1335 1333 1 0
2502 1338 1332 1331 1 0
2503 1339 1336 1340 1 0
2504 1338 1335 1332 1 0
2505 1339 1338 1336 1 0
2506 1341 1335 1338 1 0
2507 1339 1341 1338 1 0
2508 1341 1334 1335 1 0
2509 1342 1339 1343 1 0
2510 1341 671 1334 1 0
2511 1342 1341 1339 1 0
2512 1342 673 1341 1 0
2513 1039 1275 1040 1 0
2514 1275 1280 1274 1 0
2515 1280 1283 1279 1 0
2516 1283 1288 1282 1 0
2517 1288 1290 1287 1 0
2518 1290 1294 1289 1 0
2519 1294 1299 1293 1 0
2520 1299 1302 1298 1 0
2521 1302 1307 1301 1 0
2522 1307 1309 1306 1 0
2523 1309 1313 1308 1 0
2524 1313 1318 1312 1 0
2525 1318 1321 1317 1 0
2526 1321 1326 1320 1 0
2527 1326 1329 1325 1 0
2528 1329 1337 1328 1 0
2529 1337 1340 1336 1 0
2530 1340 1343 1339 1 0
2531 1343 709 1342 1 0
2532 262 259 1270 1 0
2533 265 262 1270 1 0
2534 269 265 1271 1 0
2535 43 269 1269 1 0
2536 38 43 1267 1 0
2537 45 38 1262 1 0
2538 272 45 1259 1 0
2539 50 272 1257 1 0
2540 46 50 1256 1 0
2541 16 46 1254 1 0
2542 15 16 1253 1 0
2543 277 15 1251 1 0
2544 279 277 1250 1 0
2545 284 279 1042 1 0
2546 969 714 1043 1 0
2547 974 969 1048 1 0
2548 977 974 1247 1 0
2549 982 977 1245 1 0
2550 984 982 1243 1 0
2551 988 984 1241 1 0
2552 993 988 1238 1 0
2553 996 993 1236 1 0
2554 1001 996 1233 1 0
2555 1003 1001 1231 1 0
2556 1007 1003 1228 1 0
2557 1012 1007 1226 1 0
2558 1015 1012 1223 1 0
2559 1020 1015 1221 1 0
2560 1023 1020 1218 1 0
2561 1031 1023 1216 1 0
2562 1034 1031 1212 1 0
2563 1037 1034 1210 1 0
2564 643 1037 1208 1 0
2565 707 643 1208 1 0
2566 646 707 1209 1 0
2567 656 646 1207 1 0
2568 659 656 1205 1 0
2569 408 659 1202 1 0
2570 411 408 1198 1 0
2571 412 411 1194 1 0
2572 663 412 1193 1 0
2573 415 663 1191 1 0
2574 419 415 1047 1 0
2575 708 419 1044 1 0
2576 669 708 1045 1 0
2577 671 669 1334 1 0
2578 673 671 1341 1 0
2579 677 673 1342 1 0
2580 709 677 1342 1 0
2581 324 353 1344 1 0
2582 1344 353 717 1 0
2583 1345 324 1344 1 0
2584 1345 1344 717 1 0
2585 350 356 1346 1 0
2586 350 1346 1347 1 0
2587 356 1348 1346 1 0
2588 1349 1347 1346 1 0
2589 1350 1351 393 1 0
2590 1350 1352 1351 1 0
2591 1353 1350 386 1 0
2592 1353 1352 1350 1 0
2593 1349 1354 1355 1 0
2594 1356 1357 1358 1 0
2595 1356 1359 1357 1 0
2596 1360 1359 1356 1 0
2597 1361 1359 1360 1 0
2598 1362 1361 1360 1 0
2599 1363 1362 1364 1 0
2600 1365 1362 1363 1 0
2601 1366 1365 1363 1 0
2602 1365 1361 1362 1 0
2603 1367 1365 1366 1 0
2604 1367 1368 1365 1 0
2605 1368 1361 1365 1 0
2606 1369 1368 1367 1 0
2607 1370 1361 1368 1 0
2608 1371 1368 1369 1 0
2609 1370 1359 1361 1 0
2610 1371 1370 1368 1 0
2611 1372 1359 1370 1 0
2612 1373 1370 1371 1 0
2613 1372 1357 1359 1 0
2614 1373 1372 1370 1 0
2615 1372 1374 1357 1 0
2616 1375 1372 1373 1 0
2617 1375 1374 1372 1 0
2618 1376 1377 1378 1 0
2619 1379 1375 1377 1 0
2620 1376 1379 1377 1 0
2621 1379 1374 1375 1 0
2622 1380 1379 1376 1 0
2623 1381 1382 1383 1 0
2624 1384 1382 1381 1 0
2625 1385 1386 1387 1 0
2626 1388 1387 1380 1 0
2627 1385 1384 1386 1 0
2628 1388 1385 1387 1 0
2629 1389 1384 1385 1 0
2630 1390 1385 1388 1 0
2631 1389 1382 1384 1 0
2632 1390 1389 1385 1 0
2633 1389 1391 1382 1 0
2634 1392 1389 1390 1 0
2635 1392 1391 1389 1 0
2636 1393 1394 1392 1 0
2637 1394 1391 1392 1 0
2638 1395 1394 1393 1 0
2639 1396 1391 1394 1 0
2640 1397 1394 1395 1 0
2641 1398 1391 1396 1 0
2642 1397 1396 1394 1 0
2643 1398 1382 1391 1 0
2644 1399 1396 1397 1 0
2645 1398 1383 1382 1 0
2646 1400 1396 1399 1 0
2647 1398 1401 1383 1 0
2648 1400 1398 1396 1 0
2649 1402 1399 1403 1 0
2650 1400 1401 1398 1 0
2651 1402 1400 1399 1 0
2652 1404 1405 1406 1 0
2653 1407 1400 1402 1 0
2654 1408 1405 1404 1 0
2655 1407 1401 1400 1 0
2656 1408 1407 1405 1 0
2657 1409 1404 1410 1 0
2658 1408 1401 1407 1 0
2659 1409 1408 1404 1 0
2660 1411 1401 1408 1 0
2661 1409 1411 1408 1 0
2662 1411 1383 1401 1 0
2663 1412 1411 1409 1 0
2664 1413 1383 1411 1 0
2665 1412 1413 1411 1 0
2666 1413 1381 1383 1 0
2667 1414 1412 1415 1 0
2668 1416 1381 1413 1 0
2669 1414 1413 1412 1 0
2670 1417 1381 1416 1 0
2671 1414 1416 1413 1 0
2672 1417 1384 1381 1 0
2673 1418 1416 1414 1 0
2674 1417 1386 1384 1 0
2675 1419 1416 1418 1 0
2676 1420 1386 1417 1 0
2677 1419 1417 1416 1 0
2678 1421 1386 1420 1 0
2679 1419 1420 1417 1 0
2680 1421 1387 1386 1 0
2681 1422 1420 1419 1 0
2682 1423 1387 1421 1 0
2683 1424 1420 1422 1 0
2684 1423 1380 1387 1 0
2685 1424 1421 1420 1 0
2686 1423 1379 1380 1 0
2687 1425 1421 1424 1 0
2688 1423 1374 1379 1 0
2689 1425 1423 1421 1 0
2690 1426 1418 1427 1 0
2691 1425 1374 1423 1 0
2692 1426 1419 1418 1 0
2693 1425 1357 1374 1 0
2694 1426 1422 1419 1 0
2695 1425 1358 1357 1 0
2696 1428 1422 1426 1 0
2697 1429 1422 1428 1 0
2698 1424 1358 1425 1 0
2699 1429 1424 1422 1 0
2700 1430 1428 1431 1 0
2701 1429 1358 1424 1 0
2702 1430 1429 1428 1 0
2703 1432 1358 1429 1 0
2704 1430 1432 1429 1 0
2705 1432 1356 1358 1 0
2706 1433 1432 1430 1 0
2707 1434 1356 1432 1 0
2708 1433 1434 1432 1 0
2709 1434 1360 1356 1 0
2710 1435 1433 1436 1 0
2711 1437 1360 1434 1 0
2712 1435 1434 1433 1 0
2713 1437 1362 1360 1 0
2714 1435 1437 1434 1 0
2715 1437 1364 1362 1 0
2716 1438 1437 1435 1 0
2717 1438 1364 1437 1 0
2718 1439 1364 1438 1 0
2719 1440 1439 1438 1 0
2720 1441 1439 1440 1 0
2721 1442 1441 1443 1 0
2722 1444 1443 1445 1 0
2723 1442 1439 1441 1 0
2724 1444 1442 1443 1 0
2725 1446 1439 1442 1 0
2726 1447 1442 1444 1 0
2727 1446 1364 1439 1 0
2728 1447 1446 1442 1 0
2729 1446 1363 1364 1 0
2730 1448 1446 1447 1 0
2731 1449 1447 1450 1 0
2732 1448 1363 1446 1 0
2733 1449 1448 1447 1 0
2734 1448 1366 1363 1 0
2735 1451 1448 1449 1 0
2736 1451 1366 1448 1 0
2737 1452 1451 1453 1 0
2738 1454 1366 1451 1 0
2739 1452 1454 1451 1 0
2740 1454 1367 1366 1 0
2741 1455 1454 1452 1 0
2742 1456 1367 1454 1 0
2743 1455 1456 1454 1 0
2744 1456 1369 1367 1 0
2745 1457 1456 1455 1 0
2746 1457 1458 1456 1 0
2747 1458 1369 1456 1 0
2748 1459 1458 1457 1 0
2749 1460 1459 1461 1 0
2750 1462 1461 1459 1 0
2751 1460 1458 1459 1 0
2752 1463 1461 1462 1 0
2753 1464 1458 1460 1 0
2754 1465 1461 1463 1 0
2755 1464 1369 1458 1 0
2756 1466 1461 1465 1 0
2757 1464 1371 1369 1 0
2758 1466 1460 1461 1 0
2759 1467 1371 1464 1 0
2760 1468 1460 1466 1 0
2761 1467 1373 1371 1 0
2762 1468 1464 1460 1 0
2763 1469 1373 1467 1 0
2764 1468 1467 1464 1 0
2765 1469 1375 1373 1 0
2766 1470 1467 1468 1 0
2767 1469 1377 1375 1 0
2768 1470 1469 1467 1 0
2769 1470 1471 1469 1 0
2770 1471 1377 1469 1 0
2771 1472 1471 1470 1 0
2772 1471 1378 1377 1 0
2773 1473 1471 1472 1 0
2774 1473 1378 1471 1 0
2775 1474 1378 1475 1 0
2776 1473 1475 1378 1 0
2777 1474 1376 1378 1 0
2778 1476 1475 1473 1 0
2779 1477 1376 1474 1 0
2780 1478 1475 1476 1 0
2781 1477 1380 1376 1 0
2782 1479 1475 1478 1 0
2783 1477 1388 1380 1 0
2784 1479 1474 1475 1 0
2785 1480 1388 1477 1 0
2786 1481 1474 1479 1 0
2787 1480 1390 1388 1 0
2788 1481 1477 1474 1 0
2789 1482 1390 1480 1 0
2790 1481 1480 1477 1 0
2791 1482 1392 1390 1 0
2792 1483 1480 1481 1 0
2793 1482 1393 1392 1 0
2794 1483 1482 1480 1 0
2795 1483 1484 1482 1 0
2796 1484 1393 1482 1 0
2797 1485 1484 1483 1 0
2798 1486 1393 1484 1 0
2799 1487 1484 1485 1 0
2800 1486 1395 1393 1 0
2801 1487 1486 1484 1 0
2802 1488 1489 1487 1 0
2803 1489 1486 1487 1 0
2804 1490 1489 1488 1 0
2805 1491 1486 1489 1 0
2806 1492 1489 1490 1 0
2807 1491 1395 1486 1 0
2808 1492 1491 1489 1 0
2809 1493 1395 1491 1 0
2810 1494 1491 1492 1 0
2811 1493 1397 1395 1 0
2812 1494 1493 1491 1 0
2813 1495 1397 1493 1 0
2814 1496 1493 1494 1 0
2815 1495 1399 1397 1 0
2816 1496 1495 1493 1 0
2817 1495 1403 1399 1 0
2818 1497 1495 1496 1 0
2819 1498 1353 391 1 0
2820 1497 1403 1495 1 0
2821 1498 1499 1353 1 0
2822 1500 1498 599 1 0
2823 1500 1499 1498 1 0
2824 1501 1500 384 1 0
2825 1502 1499 1500 1 0
2826 1503 1500 1501 1 0
2827 1502 1497 1499 1 0
2828 1503 1502 1500 1 0
2829 1502 1403 1497 1 0
2830 1504 1502 1503 1 0
2831 1505 1501 385 1 0
2832 1504 1403 1502 1 0
2833 1505 1503 1501 1 0
2834 1504 1402 1403 1 0
2835 1506 1503 1505 1 0
2836 1507 1402 1504 1 0
2837 1506 1504 1503 1 0
2838 1507 1407 1402 1 0
2839 1506 1507 1504 1 0
2840 1507 1405 1407 1 0
2841 1508 1507 1506 1 0
2842 1509 1505 367 1 0
2843 1508 1405 1507 1 0
2844 1510 1505 1509 1 0
2845 1508 1406 1405 1 0
2846 1510 1506 1505 1 0
2847 1508 1511 1406 1 0
2848 1510 1508 1506 1 0
2849 1512 1509 366 1 0
2850 1510 1511 1508 1 0
2851 1512 1510 1509 1 0
2852 1512 1511 1510 1 0
2853 1512 1513 1511 1 0
2854 1514 1512 594 1 0
2855 1514 1513 1512 1 0
2856 1515 1516 585 1 0
2857 1517 1515 1518 1 0
2858 1516 1514 589 1 0
2859 1517 1516 1515 1 0
2860 1516 1513 1514 1 0
2861 1519 1516 1517 1 0
2862 1520 1517 1521 1 0
2863 1519 1513 1516 1 0
2864 1520 1519 1517 1 0
2865 1522 1513 1519 1 0
2866 1523 1519 1520 1 0
2867 1522 1511 1513 1 0
2868 1523 1522 1519 1 0
2869 1522 1406 1511 1 0
2870 1524 1522 1523 1 0
2871 1525 1520 1526 1 0
2872 1524 1406 1522 1 0
2873 1525 1523 1520 1 0
2874 1524 1404 1406 1 0
2875 1527 1523 1525 1 0
2876 1524 1410 1404 1 0
2877 1527 1524 1523 1 0
2878 1528 1525 1529 1 0
2879 1527 1410 1524 1 0
2880 1528 1527 1525 1 0
2881 1528 1530 1527 1 0
2882 1530 1410 1527 1 0
2883 1531 1410 1530 1 0
2884 1532 1528 1533 1 0
2885 1531 1409 1410 1 0
2886 1532 1530 1528 1 0
2887 1531 1412 1409 1 0
2888 1534 1530 1532 1 0
2889 1531 1415 1412 1 0
2890 1534 1531 1530 1 0
2891 1535 1532 1536 1 0
2892 1534 1415 1531 1 0
2893 1535 1534 1532 1 0
2894 1535 1537 1534 1 0
2895 1537 1415 1534 1 0
2896 1538 1415 1537 1 0
2897 1539 1535 1540 1 0
2898 1538 1414 1415 1 0
2899 1539 1537 1535 1 0
2900 1538 1418 1414 1 0
2901 1541 1537 1539 1 0
2902 1538 1427 1418 1 0
2903 1541 1538 1537 1 0
2904 1542 1539 1543 1 0
2905 1541 1427 1538 1 0
2906 1542 1541 1539 1 0
2907 1542 1544 1541 1 0
2908 1544 1427 1541 1 0
2909 1545 1427 1544 1 0
2910 1546 1542 1547 1 0
2911 1545 1426 1427 1 0
2912 1546 1544 1542 1 0
2913 1545 1428 1426 1 0
2914 1548 1544 1546 1 0
2915 1545 1431 1428 1 0
2916 1548 1545 1544 1 0
2917 1549 1546 1550 1 0
2918 1548 1431 1545 1 0
2919 1549 1548 1546 1 0
2920 1549 1551 1548 1 0
2921 1551 1431 1548 1 0
2922 1552 1431 1551 1 0
2923 1553 1549 1554 1 0
2924 1552 1430 1431 1 0
2925 1553 1551 1549 1 0
2926 1552 1433 1430 1 0
2927 1555 1551 1553 1 0
2928 1552 1436 1433 1 0
2929 1555 1552 1551 1 0
2930 1556 1553 1557 1 0
2931 1555 1436 1552 1 0
2932 1556 1555 1553 1 0
2933 1556 1558 1555 1 0
2934 1558 1436 1555 1 0
2935 1559 1436 1558 1 0
2936 1560 1556 1561 1 0
2937 1559 1435 1436 1 0
2938 1560 1558 1556 1 0
2939 1559 1438 1435 1 0
2940 1562 1558 1560 1 0
2941 1559 1440 1438 1 0
2942 1562 1559 1558 1 0
2943 1563 1560 1564 1 0
2944 1562 1440 1559 1 0
2945 1563 1562 1560 1 0
2946 1565 1440 1562 1 0
2947 1563 1565 1562 1 0
2948 1565 1441 1440 1 0
2949 1566 1563 1567 1 0
2950 1568 1441 1565 1 0
2951 1566 1565 1563 1 0
2952 1568 1443 1441 1 0
2953 1566 1568 1565 1 0
2954 1569 1566 1570 1 0
2955 1354 1569 1571 1 0
2956 1569 1568 1566 1 0
2957 1572 1569 1354 1 0
2958 1349 1346 1348 1 0
2959 1572 1568 1569 1 0
2960 1573 1349 1348 1 0
2961 1572 1443 1568 1 0
2962 1573 1354 1349 1 0
2963 1572 1445 1443 1 0
2964 1573 1572 1354 1 0
2965 1574 1348 349 1 0
2966 1573 1445 1572 1 0
2967 1574 1573 1348 1 0
2968 1575 1574 348 1 0
2969 1574 1445 1573 1 0
2970 1576 1574 1575 1 0
2971 1576 1445 1574 1 0
2972 1444 1450 1447 1 0
2973 1576 1444 1445 1 0
2974 1577 1575 345 1 0
2975 1576 1450 1444 1 0
2976 1577 1576 1575 1 0
2977 1578 1577 5 1 0
2978 1577 1450 1576 1 0
2979 1579 1577 1578 1 0
2980 1579 1450 1577 1 0
2981 1449 1453 1451 1 0
2982 1579 1449 1450 1 0
2983 1580 1578 4 1 0
2984 1579 1453 1449 1 0
2985 1580 1579 1578 1 0
2986 1581 1580 71 1 0
2987 1580 1453 1579 1 0
2988 1582 1580 1581 1 0
2989 1582 1453 1580 1 0
2990 1583 1581 338 1 0
2991 1582 1452 1453 1 0
2992 1583 1582 1581 1 0
2993 1584 1452 1582 1 0
2994 1583 1584 1582 1 0
2995 1584 1455 1452 1 0
2996 1585 1455 1584 1 0
2997 1586 1583 68 1 0
2998 1585 1457 1455 1 0
2999 1587 1583 1586 1 0
3000 1588 1457 1585 1 0
3001 1587 1584 1583 1 0
3002 1588 1459 1457 1 0
3003 1587 1585 1584 1 0
3004 1588 1462 1459 1 0
3005 1589 1585 1587 1 0
3006 1588 1590 1462 1 0
3007 1589 1588 1585 1 0
3008 1591 1586 64 1 0
3009 1589 1590 1588 1 0
3010 1591 1587 1586 1 0
3011 1589 1592 1590 1 0
3012 1591 1589 1587 1 0
3013 1591 1592 1589 1 0
3014 1593 1591 355 1 0
3015 1593 1592 1591 1 0
3016 1345 1594 324 1 0
3017 1594 1595 331 1 0
3018 1596 1594 1345 1 0
3019 1595 1593 334 1 0
3020 1596 1595 1594 1 0
3021 1595 1592 1593 1 0
3022 1597 1595 1596 1 0
3023 1598 1345 725 1 0
3024 1597 1592 1595 1 0
3025 1598 1596 1345 1 0
3026 1597 1590 1592 1 0
3027 1599 1596 1598 1 0
3028 1600 1590 1597 1 0
3029 1599 1597 1596 1 0
3030 1600 1462 1590 1 0
3031 1599 1600 1597 1 0
3032 1600 1463 1462 1 0
3033 1601 1600 1599 1 0
3034 1602 1598 941 1 0
3035 1601 1463 1600 1 0
3036 1602 1599 1598 1 0
3037 1603 1463 1601 1 0
3038 1602 1601 1599 1 0
3039 1603 1465 1463 1 0
3040 1604 1602 940 1 0
3041 1605 1465 1603 1 0
3042 1604 1601 1602 1 0
3043 1606 1465 1605 1 0
3044 1604 1603 1601 1 0
3045 1606 1466 1465 1 0
3046 1607 1466 1606 1 0
3047 1608 1604 937 1 0
3048 1607 1468 1466 1 0
3049 1608 1603 1604 1 0
3050 1607 1470 1468 1 0
3051 1608 1605 1603 1 0
3052 1607 1472 1470 1 0
3053 1609 1608 934 1 0
3054 1607 1610 1472 1 0
3055 1609 1605 1608 1 0
3056 1611 1605 1609 1 0
3057 1606 1610 1607 1 0
3058 1611 1606 1605 1 0
3059 1612 1609 931 1 0
3060 1611 1610 1606 1 0
3061 1612 1611 1609 1 0
3062 1613 1611 1612 1 0
3063 1614 1472 1610 1 0
3064 1613 1610 1611 1 0
3065 1614 1473 1472 1 0
3066 1613 1614 1610 1 0
3067 1614 1476 1473 1 0
3068 1615 1614 1613 1 0
3069 1616 1612 927 1 0
3070 1615 1476 1614 1 0
3071 1616 1613 1612 1 0
3072 1617 1476 1615 1 0
3073 1616 1615 1613 1 0
3074 1617 1478 1476 1 0
3075 1618 1616 924 1 0
3076 1619 1478 1617 1 0
3077 1618 1615 1616 1 0
3078 1620 1478 1619 1 0
3079 1618 1617 1615 1 0
3080 1620 1479 1478 1 0
3081 1621 1479 1620 1 0
3082 1622 1618 920 1 0
3083 1621 1481 1479 1 0
3084 1622 1617 1618 1 0
3085 1621 1483 1481 1 0
3086 1622 1619 1617 1 0
3087 1621 1485 1483 1 0
3088 1623 1622 917 1 0
3089 1621 1624 1485 1 0
3090 1623 1619 1622 1 0
3091 1625 1619 1623 1 0
3092 1620 1624 1621 1 0
3093 1625 1620 1619 1 0
3094 1626 1623 913 1 0
3095 1625 1624 1620 1 0
3096 1626 1625 1623 1 0
3097 1627 1625 1626 1 0
3098 1628 1485 1624 1 0
3099 1627 1624 1625 1 0
3100 1628 1487 1485 1 0
3101 1627 1628 1624 1 0
3102 1628 1488 1487 1 0
3103 1629 1628 1627 1 0
3104 1630 1626 910 1 0
3105 1629 1488 1628 1 0
3106 1630 1627 1626 1 0
3107 1631 1488 1629 1 0
3108 1630 1629 1627 1 0
3109 1631 1490 1488 1 0
3110 1632 1630 906 1 0
3111 1633 1490 1631 1 0
3112 1632 1629 1630 1 0
3113 1634 1490 1633 1 0
3114 1632 1631 1629 1 0
3115 1634 1492 1490 1 0
3116 1635 1492 1634 1 0
3117 1636 1632 903 1 0
3118 1635 1494 1492 1 0
3119 1636 1631 1632 1 0
3120 1637 1494 1635 1 0
3121 1636 1633 1631 1 0
3122 1637 1496 1494 1 0
3123 1638 1636 899 1 0
3124 1639 1496 1637 1 0
3125 1638 1633 1636 1 0
3126 1639 1497 1496 1 0
3127 1640 1633 1638 1 0
3128 1639 1499 1497 1 0
3129 1640 1634 1633 1 0
3130 1639 1353 1499 1 0
3131 1641 1634 1640 1 0
3132 1639 1352 1353 1 0
3133 1641 1635 1634 1 0
3134 1642 1635 1641 1 0
3135 1637 1352 1639 1 0
3136 1642 1637 1635 1 0
3137 1351 1643 603 1 0
3138 1642 1352 1637 1 0
3139 1351 1644 1643 1 0
3140 1642 1351 1352 1 0
3141 1645 1638 896 1 0
3142 1642 1644 1351 1 0
3143 1645 1640 1638 1 0
3144 1646 1640 1645 1 0
3145 1641 1644 1642 1 0
3146 1646 1641 1640 1 0
3147 1647 1645 891 1 0
3148 1646 1644 1641 1 0
3149 1647 1646 1645 1 0
3150 1648 1644 1646 1 0
3151 1647 1648 1646 1 0
3152 1648 1643 1644 1 0
3153 1649 1647 888 1 0
3154 1648 606 1643 1 0
3155 1649 1648 1647 1 0
3156 1649 608 1648 1 0
3157 717 725 1345 1 0
3158 725 941 1598 1 0
3159 941 940 1602 1 0
3160 940 937 1604 1 0
3161 937 934 1608 1 0
3162 934 931 1609 1 0
3163 931 927 1612 1 0
3164 927 924 1616 1 0
3165 924 920 1618 1 0
3166 920 917 1622 1 0
3167 917 913 1623 1 0
3168 913 910 1626 1 0
3169 910 906 1630 1 0
3170 906 903 1632 1 0
3171 903 899 1636 1 0
3172 899 896 1638 1 0
3173 896 891 1645 1 0
3174 891 888 1647 1 0
3175 888 710 1649 1 0
3176 326 324 1594 1 0
3177 331 326 1594 1 0
3178 334 331 1595 1 0
3179 355 334 1593 1 0
3180 64 355 1591 1 0
3181 68 64 1586 1 0
3182 338 68 1583 1 0
3183 71 338 1581 1 0
3184 4 71 1580 1 0
3185 5 4 1578 1 0
3186 345 5 1577 1 0
3187 348 345 1575 1 0
3188 349 348 1574 1 0
3189 356 349 1348 1 0
3190 1355 1347 1349 1 0
3191 1571 1355 1354 1 0
3192 1570 1571 1569 1 0
3193 1567 1570 1566 1 0
3194 1564 1567 1563 1 0
3195 1561 1564 1560 1 0
3196 1557 1561 1556 1 0
3197 1554 1557 1553 1 0
3198 1550 1554 1549 1 0
3199 1547 1550 1546 1 0
3200 1543 1547 1542 1 0
3201 1540 1543 1539 1 0
3202 1536 1540 1535 1 0
3203 1533 1536 1532 1 0
3204 1529 1533 1528 1 0
3205 1526 1529 1525 1 0
3206 1521 1526 1520 1 0
3207 1518 1521 1517 1 0
3208 706 1518 1515 1 0
3209 585 706 1515 1 0
3210 589 585 1516 1 0
3211 594 589 1514 1 0
3212 366 594 1512 1 0
3213 367 366 1509 1 0
3214 385 367 1505 1 0
3215 384 385 1501 1 0
3216 599 384 1500 1 0
3217 391 599 1498 1 0
3218 386 391 1353 1 0
3219 393 386 1350 1 0
3220 603 393 1351 1 0
3221 606 603 1643 1 0
3222 608 606 1648 1 0
3223 611 608 1649 1 0
3224 710 611 1649 1 0
3225 229 350 1650 1 0
3226 1650 350 1347 1 0
3227 1651 229 1650 1 0
3228 1651 1650 1347 1 0
3229 354 255 1652 1 0
3230 354 1652 1039 1 0
3231 255 1653 1652 1 0
3232 1654 1039 1652 1 0
3233 1655 1656 361 1 0
3234 1655 1657 1656 1 0
3235 1658 1655 360 1 0
3236 1658 1657 1655 1 0
3237 1654 1659 1275 1 0
3238 1660 1661 1662 1 0
3239 1660 1663 1661 1 0
3240 1664 1663 1660 1 0
3241 1665 1663 1664 1 0
3242 1666 1665 1664 1 0
3243 1667 1666 1668 1 0
3244 1669 1666 1667 1 0
3245 1670 1669 1667 1 0
3246 1669 1665 1666 1 0
3247 1671 1669 1670 1 0
3248 1671 1672 1669 1 0
3249 1672 1665 1669 1 0
3250 1673 1672 1671 1 0
3251 1674 1665 1672 1 0
3252 1675 1672 1673 1 0
3253 1674 1663 1665 1 0
3254 1675 1674 1672 1 0
3255 1676 1663 1674 1 0
3256 1677 1674 1675 1 0
3257 1676 1661 1663 1 0
3258 1677 1676 1674 1 0
3259 1676 1678 1661 1 0
3260 1679 1676 1677 1 0
3261 1679 1678 1676 1 0
3262 1680 1681 1682 1 0
3263 1683 1679 1681 1 0
3264 1680 1683 1681 1 0
3265 1683 1678 1679 1 0
3266 1684 1683 1680 1 0
3267 1685 1686 1687 1 0
3268 1688 1686 1685 1 0
3269 1689 1690 1691 1 0
3270 1692 1691 1684 1 0
3271 1689 1688 1690 1 0
3272 1692 1689 1691 1 0
3273 1693 1688 1689 1 0
3274 1694 1689 1692 1 0
3275 1693 1686 1688 1 0
3276 1694 1693 1689 1 0
3277 1693 1695 1686 1 0
3278 1696 1693 1694 1 0
3279 1696 1695 1693 1 0
3280 1697 1698 1696 1 0
3281 1698 1695 1696 1 0
3282 1699 1698 1697 1 0
3283 1700 1695 1698 1 0
3284 1701 1698 1699 1 0
3285 1702 1695 1700 1 0
3286 1701 1700 1698 1 0
3287 1702 1686 1695 1 0
3288 1703 1700 1701 1 0
3289 1702 1687 1686 1 0
3290 1704 1700 1703 1 0
3291 1702 1705 1687 1 0
3292 1704 1702 1700 1 0
3293 1706 1703 1707 1 0
3294 1704 1705 1702 1 0
3295 1706 1704 1703 1 0
3296 1708 1709 1710 1 0
3297 1711 1704 1706 1 0
3298 1712 1709 1708 1 0
3299 1711 1705 1704 1 0
3300 1712 1711 1709 1 0
3301 1713 1708 1714 1 0
3302 1712 1705 1711 1 0
3303 1713 1712 1708 1 0
3304 1715 1705 1712 1 0
3305 1713 1715 1712 1 0
3306 1715 1687 1705 1 0
3307 1716 1715 1713 1 0
3308 1717 1687 1715 1 0
3309 1716 1717 1715 1 0
3310 1717 1685 1687 1 0
3311 1718 1716 1719 1 0
3312 1720 1685 1717 1 0
3313 1718 1717 1716 1 0
3314 1721 1685 1720 1 0
3315 1718 1720 1717 1 0
3316 1721 1688 1685 1 0
3317 1722 1720 1718 1 0
3318 1721 1690 1688 1 0
3319 1723 1720 1722 1 0
3320 1724 1690 1721 1 0
3321 1723 1721 1720 1 0
3322 1725 1690 1724 1 0
3323 1723 1724 1721 1 0
3324 1725 1691 1690 1 0
3325 1726 1724 1723 1 0
3326 1727 1691 1725 1 0
3327 1728 1724 1726 1 0
3328 1727 1684 1691 1 0
3329 1728 1725 1724 1 0
3330 1727 1683 1684 1 0
3331 1729 1725 1728 1 0
3332 1727 1678 1683 1 0
3333 1729 1727 1725 1 0
3334 1730 1722 1731 1 0
3335 1729 1678 1727 1 0
3336 1730 1723 1722 1 0
3337 1729 1661 1678 1 0
3338 1730 1726 1723 1 0
3339 1729 1662 1661 1 0
3340 1732 1726 1730 1 0
3341 1733 1726 1732 1 0
3342 1728 1662 1729 1 0
3343 1733 1728 1726 1 0
3344 1734 1732 1735 1 0
3345 1733 1662 1728 1 0
3346 1734 1733 1732 1 0
3347 1736 1662 1733 1 0
3348 1734 1736 1733 1 0
3349 1736 1660 1662 1 0
3350 1737 1736 1734 1 0
3351 1738 1660 1736 1 0
3352 1737 1738 1736 1 0
3353 1738 1664 1660 1 0
3354 1739 1737 1740 1 0
3355 1741 1664 1738 1 0
3356 1739 1738 1737 1 0
3357 1741 1666 1664 1 0
3358 1739 1741 1738 1 0
3359 1741 1668 1666 1 0
3360 1742 1741 1739 1 0
3361 1742 1668 1741 1 0
3362 1743 1668 1742 1 0
3363 1744 1743 1742 1 0
3364 1745 1743 1744 1 0
3365 1746 1745 1747 1 0
3366 1748 1747 1749 1 0
3367 1746 1743 1745 1 0
3368 1748 1746 1747 1 0
3369 1750 1743 1746 1 0
3370 1751 1746 1748 1 0
3371 1750 1668 1743 1 0
3372 1751 1750 1746 1 0
3373 1750 1667 1668 1 0
3374 1752 1750 1751 1 0
3375 1753 1751 1754 1 0
3376 1752 1667 1750 1 0
3377 1753 1752 1751 1 0
3378 1752 1670 1667 1 0
3379 1755 1752 1753 1 0
3380 1755 1670 1752 1 0
3381 1756 1755 1757 1 0
3382 1758 1670 1755 1 0
3383 1756 1758 1755 1 0
3384 1758 1671 1670 1 0
3385 1759 1758 1756 1 0
3386 1760 1671 1758 1 0
3387 1759 1760 1758 1 0
3388 1760 1673 1671 1 0
3389 1761 1760 1759 1 0
3390 1761 1762 1760 1 0
3391 1762 1673 1760 1 0
3392 1763 1762 1761 1 0
3393 1764 1763 1765 1 0
3394 1766 1765 1763 1 0
3395 1764 1762 1763 1 0
3396 1767 1765 1766 1 0
3397 1768 1762 1764 1 0
3398 1769 1765 1767 1 0
3399 1768 1673 1762 1 0
3400 1770 1765 1769 1 0
3401 1768 1675 1673 1 0
3402 1770 1764 1765 1 0
3403 1771 1675 1768 1 0
3404 1772 1764 1770 1 0
3405 1771 1677 1675 1 0
3406 1772 1768 1764 1 0
3407 1773 1677 1771 1 0
3408 1772 1771 1768 1 0
3409 1773 1679 1677 1 0
3410 1774 1771 1772 1 0
3411 1773 1681 1679 1 0
3412 1774 1773 1771 1 0
3413 1774 1775 1773 1 0
3414 1775 1681 1773 1 0
3415 1776 1775 1774 1 0
3416 1775 1682 1681 1 0
3417 1777 1775 1776 1 0
3418 1777 1682 1775 1 0
3419 1778 1682 1779 1 0
3420 1777 1779 1682 1 0
3421 1778 1680 1682 1 0
3422 1780 1779 1777 1 0
3423 1781 1680 1778 1 0
3424 1782 1779 1780 1 0
3425 1781 1684 1680 1 0
3426 1783 1779 1782 1 0
3427 1781 1692 1684 1 0
3428 1783 1778 1779 1 0
3429 1784 1692 1781 1 0
3430 1785 1778 1783 1 0
3431 1784 1694 1692 1 0
3432 1785 1781 1778 1 0
3433 1786 1694 1784 1 0
3434 1785 1784 1781 1 0
3435 1786 1696 1694 1 0
3436 1787 1784 1785 1 0
3437 1786 1697 1696 1 0
3438 1787 1786 1784 1 0
3439 1787 1788 1786 1 0
3440 1788 1697 1786 1 0
3441 1789 1788 1787 1 0
3442 1790 1697 1788 1 0
3443 1791 1788 1789 1 0
3444 1790 1699 1697 1 0
3445 1791 1790 1788 1 0
3446 1792 1793 1791 1 0
3447 1793 1790 1791 1 0
3448 1794 1793 1792 1 0
3449 1795 1790 1793 1 0
3450 1796 1793 1794 1 0
3451 1795 1699 1790 1 0
3452 1796 1795 1793 1 0
3453 1797 1699 1795 1 0
3454 1798 1795 1796 1 0
3455 1797 1701 1699 1 0
3456 1798 1797 1795 1 0
3457 1799 1701 1797 1 0
3458 1800 1797 1798 1 0
3459 1799 1703 1701 1 0
3460 1800 1799 1797 1 0
3461 1799 1707 1703 1 0
3462 1801 1799 1800 1 0
3463 1802 1658 427 1 0
3464 1801 1707 1799 1 0
3465 1802 1803 1658 1 0
3466 1804 1802 694 1 0
3467 1804 1803 1802 1 0
3468 1805 1804 424 1 0
3469 1806 1803 1804 1 0
3470 1807 1804 1805 1 0
3471 1806 1801 1803 1 0
3472 1807 1806 1804 1 0
3473 1806 1707 1801 1 0
3474 1808 1806 1807 1 0
3475 1809 1805 420 1 0
3476 1808 1707 1806 1 0
3477 1809 1807 1805 1 0
3478 1808 1706 1707 1 0
3479 1810 1807 1809 1 0
3480 1811 1706 1808 1 0
3481 1810 1808 1807 1 0
3482 1811 1711 1706 1 0
3483 1810 1811 1808 1 0
3484 1811 1709 1711 1 0
3485 1812 1811 1810 1 0
3486 1813 1809 711 1 0
3487 1812 1709 1811 1 0
3488 1814 1809 1813 1 0
3489 1812 1710 1709 1 0
3490 1814 1810 1809 1 0
3491 1812 1815 1710 1 0
3492 1814 1812 1810 1 0
3493 1816 1813 690 1 0
3494 1814 1815 1812 1 0
3495 1816 1814 1813 1 0
3496 1816 1815 1814 1 0
3497 1816 1817 1815 1 0
3498 1818 1816 687 1 0
3499 1818 1817 1816 1 0
3500 1819 1820 680 1 0
3501 1821 1819 1343 1 0
3502 1820 1818 682 1 0
3503 1821 1820 1819 1 0
3504 1820 1817 1818 1 0
3505 1822 1820 1821 1 0
3506 1823 1821 1340 1 0
3507 1822 1817 1820 1 0
3508 1823 1822 1821 1 0
3509 1824 1817 1822 1 0
3510 1825 1822 1823 1 0
3511 1824 1815 1817 1 0
3512 1825 1824 1822 1 0
3513 1824 1710 1815 1 0
3514 1826 1824 1825 1 0
3515 1827 1823 1337 1 0
3516 1826 1710 1824 1 0
3517 1827 1825 1823 1 0
3518 1826 1708 1710 1 0
3519 1828 1825 1827 1 0
3520 1826 1714 1708 1 0
3521 1828 1826 1825 1 0
3522 1829 1827 1329 1 0
3523 1828 1714 1826 1 0
3524 1829 1828 1827 1 0
3525 1829 1830 1828 1 0
3526 1830 1714 1828 1 0
3527 1831 1714 1830 1 0
3528 1832 1829 1326 1 0
3529 1831 1713 1714 1 0
3530 1832 1830 1829 1 0
3531 1831 1716 1713 1 0
3532 1833 1830 1832 1 0
3533 1831 1719 1716 1 0
3534 1833 1831 1830 1 0
3535 1834 1832 1321 1 0
3536 1833 1719 1831 1 0
3537 1834 1833 1832 1 0
3538 1834 1835 1833 1 0
3539 1835 1719 1833 1 0
3540 1836 1719 1835 1 0
3541 1837 1834 1318 1 0
3542 1836 1718 1719 1 0
3543 1837 1835 1834 1 0
3544 1836 1722 1718 1 0
3545 1838 1835 1837 1 0
3546 1836 1731 1722 1 0
3547 1838 1836 1835 1 0
3548 1839 1837 1313 1 0
3549 1838 1731 1836 1 0
3550 1839 1838 1837 1 0
3551 1839 1840 1838 1 0
3552 1840 1731 1838 1 0
3553 1841 1731 1840 1 0
3554 1842 1839 1309 1 0
3555 1841 1730 1731 1 0
3556 1842 1840 1839 1 0
3557 1841 1732 1730 1 0
3558 1843 1840 1842 1 0
3559 1841 1735 1732 1 0
3560 1843 1841 1840 1 0
3561 1844 1842 1307 1 0
3562 1843 1735 1841 1 0
3563 1844 1843 1842 1 0
3564 1844 1845 1843 1 0
3565 1845 1735 1843 1 0
3566 1846 1735 1845 1 0
3567 1847 1844 1302 1 0
3568 1846 1734 1735 1 0
3569 1847 1845 1844 1 0
3570 1846 1737 1734 1 0
3571 1848 1845 1847 1 0
3572 1846 1740 1737 1 0
3573 1848 1846 1845 1 0
3574 1849 1847 1299 1 0
3575 1848 1740 1846 1 0
3576 1849 1848 1847 1 0
3577 1849 1850 1848 1 0
3578 1850 1740 1848 1 0
3579 1851 1740 1850 1 0
3580 1852 1849 1294 1 0
3581 1851 1739 1740 1 0
3582 1852 1850 1849 1 0
3583 1851 1742 1739 1 0
3584 1853 1850 1852 1 0
3585 1851 1744 1742 1 0
3586 1853 1851 1850 1 0
3587 1854 1852 1290 1 0
3588 1853 1744 1851 1 0
3589 1854 1853 1852 1 0
3590 1855 1744 1853 1 0
3591 1854 1855 1853 1 0
3592 1855 1745 1744 1 0
3593 1856 1854 1288 1 0
3594 1857 1745 1855 1 0
3595 1856 1855 1854 1 0
3596 1857 1747 1745 1 0
3597 1856 1857 1855 1 0
3598 1858 1856 1283 1 0
3599 1659 1858 1280 1 0
3600 1858 1857 1856 1 0
3601 1859 1858 1659 1 0
3602 1654 1652 1653 1 0
3603 1859 1857 1858 1 0
3604 1860 1654 1653 1 0
3605 1859 1747 1857 1 0
3606 1860 1659 1654 1 0
3607 1859 1749 1747 1 0
3608 1860 1859 1659 1 0
3609 1861 1653 252 1 0
3610 1860 1749 1859 1 0
3611 1861 1860 1653 1 0
3612 1862 1861 250 1 0
3613 1861 1749 1860 1 0
3614 1863 1861 1862 1 0
3615 1863 1749 1861 1 0
3616 1748 1754 1751 1 0
3617 1863 1748 1749 1 0
3618 1864 1862 247 1 0
3619 1863 1754 1748 1 0
3620 1864 1863 1862 1 0
3621 1865 1864 37 1 0
3622 1864 1754 1863 1 0
3623 1866 1864 1865 1 0
3624 1866 1754 1864 1 0
3625 1753 1757 1755 1 0
3626 1866 1753 1754 1 0
3627 1867 1865 30 1 0
3628 1866 1757 1753 1 0
3629 1867 1866 1865 1 0
3630 1868 1867 35 1 0
3631 1867 1757 1866 1 0
3632 1869 1867 1868 1 0
3633 1869 1757 1867 1 0
3634 1870 1868 243 1 0
3635 1869 1756 1757 1 0
3636 1870 1869 1868 1 0
3637 1871 1756 1869 1 0
3638 1870 1871 1869 1 0
3639 1871 1759 1756 1 0
3640 1872 1759 1871 1 0
3641 1873 1870 28 1 0
3642 1872 1761 1759 1 0
3643 1874 1870 1873 1 0
3644 1875 1761 1872 1 0
3645 1874 1871 1870 1 0
3646 1875 1763 1761 1 0
3647 1874 1872 1871 1 0
3648 1875 1766 1763 1 0
3649 1876 1872 1874 1 0
3650 1875 1877 1766 1 0
3651 1876 1875 1872 1 0
3652 1878 1873 29 1 0
3653 1876 1877 1875 1 0
3654 1878 1874 1873 1 0
3655 1876 1879 1877 1 0
3656 1878 1876 1874 1 0
3657 1878 1879 1876 1 0
3658 1880 1878 11 1 0
3659 1880 1879 1878 1 0
3660 1651 1881 229 1 0
3661 1881 1882 238 1 0
3662 1883 1881 1651 1 0
3663 1882 1880 10 1 0
3664 1883 1882 1881 1 0
3665 1882 1879 1880 1 0
3666 1884 1882 1883 1 0
3667 1885 1651 1355 1 0
3668 1884 1879 1882 1 0
3669 1885 1883 1651 1 0
3670 1884 1877 1879 1 0
3671 1886 1883 1885 1 0
3672 1887 1877 1884 1 0
3673 1886 1884 1883 1 0
3674 1887 1766 1877 1 0
3675 1886 1887 1884 1 0
3676 1887 1767 1766 1 0
3677 1888 1887 1886 1 0
3678 1889 1885 1571 1 0
3679 1888 1767 1887 1 0
3680 1889 1886 1885 1 0
3681 1890 1767 1888 1 0
3682 1889 1888 1886 1 0
3683 1890 1769 1767 1 0
3684 1891 1889 1570 1 0
3685 1892 1769 1890 1 0
3686 1891 1888 1889 1 0
3687 1893 1769 1892 1 0
3688 1891 1890 1888 1 0
3689 1893 1770 1769 1 0
3690 1894 1770 1893 1 0
3691 1895 1891 1567 1 0
3692 1894 1772 1770 1 0
3693 1895 1890 1891 1 0
3694 1894 1774 1772 1 0
3695 1895 1892 1890 1 0
3696 1894 1776 1774 1 0
3697 1896 1895 1564 1 0
3698 1894 1897 1776 1 0
3699 1896 1892 1895 1 0
3700 1898 1892 1896 1 0
3701 1893 1897 1894 1 0
3702 1898 1893 1892 1 0
3703 1899 1896 1561 1 0
3704 1898 1897 1893 1 0
3705 1899 1898 1896 1 0
3706 1900 1898 1899 1 0
3707 1901 1776 1897 1 0
3708 1900 1897 1898 1 0
3709 1901 1777 1776 1 0
3710 1900 1901 1897 1 0
3711 1901 1780 1777 1 0
3712 1902 1901 1900 1 0
3713 1903 1899 1557 1 0
3714 1902 1780 1901 1 0
3715 1903 1900 1899 1 0
3716 1904 1780 1902 1 0
3717 1903 1902 1900 1 0
3718 1904 1782 1780 1 0
3719 1905 1903 1554 1 0
3720 1906 1782 1904 1 0
3721 1905 1902 1903 1 0
3722 1907 1782 1906 1 0
3723 1905 1904 1902 1 0
3724 1907 1783 1782 1 0
3725 1908 1783 1907 1 0
3726 1909 1905 1550 1 0
3727 1908 1785 1783 1 0
3728 1909 1904 1905 1 0
3729 1908 1787 1785 1 0
3730 1909 1906 1904 1 0
3731 1908 1789 1787 1 0
3732 1910 1909 1547 1 0
3733 1908 1911 1789 1 0
3734 1910 1906 1909 1 0
3735 1912 1906 1910 1 0
3736 1907 1911 1908 1 0
3737 1912 1907 1906 1 0
3738 1913 1910 1543 1 0
3739 1912 1911 1907 1 0
3740 1913 1912 1910 1 0
3741 1914 1912 1913 1 0
3742 1915 1789 1911 1 0
3743 1914 1911 1912 1 0
3744 1915 1791 1789 1 0
3745 1914 1915 1911 1 0
3746 1915 1792 1791 1 0
3747 1916 1915 1914 1 0
3748 1917 1913 1540 1 0
3749 1916 1792 1915 1 0
3750 1917 1914 1913 1 0
3751 1918 1792 1916 1 0
3752 1917 1916 1914 1 0
3753 1918 1794 1792 1 0
3754 1919 1917 1536 1 0
3755 1920 1794 1918 1 0
3756 1919 1916 1917 1 0
3757 1921 1794 1920 1 0
3758 1919 1918 1916 1 0
3759 1921 1796 1794 1 0
3760 1922 1796 1921 1 0
3761 1923 1919 1533 1 0
3762 1922 1798 1796 1 0
3763 1923 1918 1919 1 0
3764 1924 1798 1922 1 0
3765 1923 1920 1918 1 0
3766 1924 1800 1798 1 0
3767 1925 1923 1529 1 0
3768 1926 1800 1924 1 0
3769 1925 1920 1923 1 0
3770 1926 1801 1800 1 0
3771 1927 1920 1925 1 0
3772 1926 1803 1801 1 0
3773 1927 1921 1920 1 0
3774 1926 1658 1803 1 0
3775 1928 1921 1927 1 0
3776 1926 1657 1658 1 0
3777 1928 1922 1921 1 0
3778 1929 1922 1928 1 0
3779 1924 1657 1926 1 0
3780 1929 1924 1922 1 0
3781 1656 1930 701 1 0
3782 1929 1657 1924 1 0
3783 1656 1931 1930 1 0
3784 1929 1656 1657 1 0
3785 1932 1925 1526 1 0
3786 1929 1931 1656 1 0
3787 1932 1927 1925 1 0
3788 1933 1927 1932 1 0
3789 1928 1931 1929 1 0
3790 1933 1928 1927 1 0
3791 1934 1932 1521 1 0
3792 1933 1931 1928 1 0
3793 1934 1933 1932 1 0
3794 1935 1931 1933 1 0
3795 1934 1935 1933 1 0
3796 1935 1930 1931 1 0
3797 1936 1934 1518 1 0
3798 1935 704 1930 1 0
3799 1936 1935 1934 1 0
3800 1936 705 1935 1 0
3801 1347 1355 1651 1 0
3802 1355 1571 1885 1 0
3803 1571 1570 1889 1 0
3804 1570 1567 1891 1 0
3805 1567 1564 1895 1 0
3806 1564 1561 1896 1 0
3807 1561 1557 1899 1 0
3808 1557 1554 1903 1 0
3809 1554 1550 1905 1 0
3810 1550 1547 1909 1 0
3811 1547 1543 1910 1 0
3812 1543 1540 1913 1 0
3813 1540 1536 1917 1 0
3814 1536 1533 1919 1 0
3815 1533 1529 1923 1 0
3816 1529 1526 1925 1 0
3817 1526 1521 1932 1 0
3818 1521 1518 1934 1 0
3819 1518 706 1936 1 0
3820 233 229 1881 1 0
3821 238 233 1881 1 0
3822 10 238 1882 1 0
3823 11 10 1880 1 0
3824 29 11 1878 1 0
3825 28 29 1873 1 0
3826 243 28 1870 1 0
3827 35 243 1868 1 0
3828 30 35 1867 1 0
3829 37 30 1865 1 0
3830 247 37 1864 1 0
3831 250 247 1862 1 0
3832 252 250 1861 1 0
3833 255 252 1653 1 0
3834 1275 1039 1654 1 0
3835 1280 1275 1659 1 0
3836 1283 1280 1858 1 0
3837 1288 1283 1856 1 0
3838 1290 1288 1854 1 0
3839 1294 1290 1852 1 0
3840 1299 1294 1849 1 0
3841 1302 1299 1847 1 0
3842 1307 1302 1844 1 0
3843 1309 1307 1842 1 0
3844 1313 1309 1839 1 0
3845 1318 1313 1837 1 0
3846 1321 1318 1834 1 0
3847 1326 1321 1832 1 0
3848 1329 1326 1829 1 0
3849 1337 1329 1827 1 0
3850 1340 1337 1823 1 0
3851 1343 1340 1821 1 0
3852 709 1343 1819 1 0
3853 680 709 1819 1 0
3854 682 680 1820 1 0
3855 687 682 1818 1 0
3856 690 687 1816 1 0
3857 711 690 1813 1 0
3858 420 711 1809 1 0
3859 424 420 1805 1 0
3860 694 424 1804 1 0
3861 427 694 1802 1 0
3862 360 427 1658 1 0
3863 361 360 1655 1 0
3864 701 361 1656 1 0
3865 704 701 1930 1 0
3866 705 704 1935 1 0
3867 712 705 1936 1 0
3868 706 712 1936 1 0
