# 3D Scattering Centers from SAR Imaging
# Model: rocket
# Center angles (deg): 30   45   60   75   90  105  120
# Sub-aperture: 10.0 deg
# Window: hamming, CLEAN: maxIter=50, thresh=0.05, gain=0.50
# Total centers: 350
# Phase convention corrected: P_3d = -r*k_hat - x*k_perp
#
# Columns: x(m)  y(m)  z(m)  amplitude  source_theta(deg)
  0.629083  0.000000  2.581285  2.389879e-04  30.0
  0.576696  0.000000  2.597097  2.919446e-04  30.0
  0.681470  0.000000  2.565473  2.878515e-04  30.0
  0.524309  0.000000  2.612909  2.797048e-04  30.0
  0.629083  0.000000  2.581285  2.693844e-04  30.0
  0.576696  0.000000  2.597097  2.927375e-04  30.0
  0.733857  0.000000  2.549661  2.566493e-04  30.0
  0.681470  0.000000  2.565473  2.663673e-04  30.0
  0.629083  0.000000  2.581285  2.788368e-04  30.0
  0.530559  0.000000  2.623734  2.466623e-04  30.0
  0.582946  0.000000  2.607922  2.946117e-04  30.0
  0.478172  0.000000  2.639546  2.680938e-04  30.0
  0.530559  0.000000  2.623734  2.746330e-04  30.0
  0.635333  0.000000  2.592111  2.588702e-04  30.0
  0.582946  0.000000  2.607922  2.912389e-04  30.0
  0.484422  0.000000  2.650371  2.525124e-04  30.0
  0.536809  0.000000  2.634560  2.822041e-04  30.0
  0.432035  0.000000  2.666183  2.672820e-04  30.0
  0.484422  0.000000  2.650371  2.743138e-04  30.0
  0.589196  0.000000  2.618748  2.472387e-04  30.0
  0.536809  0.000000  2.634560  2.814049e-04  30.0
  0.721357  0.000000  2.528011  2.624895e-04  30.0
  0.668970  0.000000  2.543823  2.939264e-04  30.0
  0.773744  0.000000  2.512199  2.753352e-04  30.0
  0.616583  0.000000  2.559635  2.597257e-04  30.0
  0.721357  0.000000  2.528011  2.588482e-04  30.0
  0.668970  0.000000  2.543823  2.771792e-04  30.0
  0.826131  0.000000  2.496387  2.393722e-04  30.0
  0.773744  0.000000  2.512199  2.291912e-04  30.0
  0.721357  0.000000  2.528011  2.439737e-04  30.0
  0.629083  0.000000  2.581285  2.558004e-04  30.0
  0.576696  0.000000  2.597097  2.831303e-04  30.0
  0.484422  0.000000  2.650371  2.719417e-04  30.0
  0.432035  0.000000  2.666183  2.528958e-04  30.0
  0.524309  0.000000  2.612909  2.531842e-04  30.0
  0.576696  0.000000  2.597097  2.687714e-04  30.0
  0.629083  0.000000  2.581285  2.694713e-04  30.0
  0.681470  0.000000  2.565473  2.914186e-04  30.0
  0.536809  0.000000  2.634560  2.382067e-04  30.0
  0.629083  0.000000  2.581285  2.663444e-04  30.0
  0.444535  0.000000  2.687834  2.518337e-04  30.0
  0.536809  0.000000  2.634560  2.421786e-04  30.0
  0.484422  0.000000  2.650371  2.499287e-04  30.0
  0.392148  0.000000  2.703646  2.833585e-04  30.0
  0.570446  0.000000  2.586272  2.396281e-04  30.0
  0.478172  0.000000  2.639546  2.587123e-04  30.0
  0.662720  0.000000  2.532997  2.611735e-04  30.0
  0.530559  0.000000  2.623734  2.514098e-04  30.0
  0.582946  0.000000  2.607922  2.829348e-04  30.0
  0.715107  0.000000  2.517186  2.585851e-04  30.0
  0.766867  0.000000  2.273693  1.626048e-04  45.0
  0.813376  0.000000  2.244861  1.958013e-04  45.0
  0.859886  0.000000  2.216029  1.822088e-04  45.0
  0.749189  0.000000  2.256015  1.678777e-04  45.0
  0.824530  0.000000  2.180674  1.786098e-04  45.0
  0.871040  0.000000  2.151842  1.786542e-04  45.0
  0.917549  0.000000  2.123010  1.768990e-04  45.0
  2.311363  0.000000  0.729196  1.638931e-04  45.0
  2.264854  0.000000  0.758028  2.033020e-04  45.0
  2.218344  0.000000  0.786860  2.063883e-04  45.0
  2.171835  0.000000  0.815691  1.965436e-04  45.0
  2.125325  0.000000  0.844523  1.791131e-04  45.0
  2.329041  0.000000  0.746874  1.678918e-04  45.0
  2.282531  0.000000  0.775705  1.758677e-04  45.0
  2.236022  0.000000  0.804537  2.070434e-04  45.0
  2.189512  0.000000  0.833369  2.102049e-04  45.0
  2.143003  0.000000  0.862201  1.908265e-04  45.0
  2.134164  0.000000  0.853362  1.713931e-04  45.0
  2.180674  0.000000  0.824530  2.036414e-04  45.0
  2.227183  0.000000  0.795698  2.106641e-04  45.0
  2.273693  0.000000  0.766867  1.980156e-04  45.0
  2.320202  0.000000  0.738035  2.021867e-04  45.0
  2.087655  0.000000  0.882194  1.647055e-04  45.0
  2.134164  0.000000  0.853362  1.722382e-04  45.0
  2.180674  0.000000  0.824530  1.989501e-04  45.0
  2.227183  0.000000  0.795698  2.114181e-04  45.0
  2.273693  0.000000  0.766867  2.094018e-04  45.0
  2.337880  0.000000  0.755712  1.791471e-04  45.0
  2.189512  0.000000  0.833369  1.643070e-04  45.0
  2.236022  0.000000  0.804537  1.876459e-04  45.0
  2.282531  0.000000  0.775705  1.878236e-04  45.0
  2.143003  0.000000  0.862201  1.839897e-04  45.0
  2.096494  0.000000  0.891033  1.960375e-04  45.0
  2.189512  0.000000  0.833369  1.824318e-04  45.0
  2.236022  0.000000  0.804537  1.923636e-04  45.0
  2.143003  0.000000  0.862201  1.914679e-04  45.0
  2.189512  0.000000  0.833369  1.946547e-04  45.0
  2.329041  0.000000  0.746874  1.705802e-04  45.0
  2.282531  0.000000  0.775705  1.865851e-04  45.0
  2.236022  0.000000  0.804537  1.991930e-04  45.0
  0.758028  0.000000  2.264854  1.665090e-04  45.0
  0.804537  0.000000  2.236022  1.922377e-04  45.0
  2.151842  0.000000  0.871040  1.647214e-04  45.0
  2.227183  0.000000  0.795698  1.951094e-04  45.0
  2.302524  0.000000  0.720357  1.831299e-04  45.0
  2.105332  0.000000  0.899871  1.702209e-04  45.0
  2.180674  0.000000  0.824530  2.080521e-04  45.0
  2.256015  0.000000  0.749189  2.036684e-04  45.0
  2.134164  0.000000  0.853362  1.681009e-04  45.0
  2.180674  0.000000  0.824530  1.947199e-04  45.0
  0.831247  0.000000  1.710239  1.288736e-04  60.0
  0.868709  0.000000  1.670352  1.478242e-04  60.0
  0.906172  0.000000  1.630465  1.305938e-04  60.0
  0.852897  0.000000  1.722739  1.295684e-04  60.0
  1.912545  0.000000  -0.187626  1.278704e-04  60.0
  1.875083  0.000000  -0.147739  1.477505e-04  60.0
  1.837620  0.000000  -0.107852  1.383033e-04  60.0
  1.880069  0.000000  -0.206376  1.279292e-04  60.0
  1.784346  0.000000  -0.015578  1.282384e-04  60.0
  1.821808  0.000000  -0.055465  1.356589e-04  60.0
  1.859271  0.000000  -0.095352  1.473943e-04  60.0
  1.896733  0.000000  -0.135239  1.359776e-04  60.0
  1.934196  0.000000  -0.175126  1.592136e-04  60.0
  1.880922  0.000000  -0.082852  1.287416e-04  60.0
  1.827647  0.000000  0.009422  1.514459e-04  60.0
  1.774373  0.000000  0.101696  1.545528e-04  60.0
  1.721099  0.000000  0.193970  1.361039e-04  60.0
  1.816822  0.000000  0.003172  1.288602e-04  60.0
  1.854284  0.000000  -0.036715  1.519552e-04  60.0
  1.891747  0.000000  -0.076602  1.502147e-04  60.0
  1.779359  0.000000  0.043059  1.482349e-04  60.0
  1.741897  0.000000  0.082946  1.466199e-04  60.0
  1.816822  0.000000  0.003172  1.444848e-04  60.0
  1.779359  0.000000  0.043059  1.526799e-04  60.0
  1.854284  0.000000  -0.036715  1.521013e-04  60.0
  1.816822  0.000000  0.003172  1.536623e-04  60.0
  1.955847  0.000000  -0.162626  1.358619e-04  60.0
  1.918384  0.000000  -0.122739  1.476434e-04  60.0
  1.880922  0.000000  -0.082852  1.454473e-04  60.0
  1.843459  0.000000  -0.042965  1.470765e-04  60.0
  1.805997  0.000000  -0.003078  1.453195e-04  60.0
  1.768534  0.000000  0.036809  1.474781e-04  60.0
  1.731072  0.000000  0.076696  1.508424e-04  60.0
  1.842607  0.000000  -0.166489  1.300484e-04  60.0
  1.763548  0.000000  0.095446  1.253897e-04  60.0
  1.726085  0.000000  0.135333  1.345036e-04  60.0
  1.801010  0.000000  0.055559  1.298160e-04  60.0
  1.838473  0.000000  0.015672  1.407868e-04  60.0
  1.891747  0.000000  -0.076602  1.389680e-04  60.0
  1.945021  0.000000  -0.168876  1.419802e-04  60.0
  1.854284  0.000000  -0.036715  1.339571e-04  60.0
  1.907559  0.000000  -0.128989  1.557556e-04  60.0
  1.785198  0.000000  0.107946  1.415201e-04  60.0
  1.731924  0.000000  0.200220  1.528097e-04  60.0
  1.678650  0.000000  0.292494  1.330868e-04  60.0
  1.769386  0.000000  0.160333  1.292398e-04  60.0
  1.716112  0.000000  0.252607  1.498515e-04  60.0
  1.822661  0.000000  0.068059  1.577158e-04  60.0
  1.769386  0.000000  0.160333  1.366559e-04  60.0
  1.731924  0.000000  0.200220  1.358825e-04  60.0
  0.541545  0.000000  -0.185815  2.534341e-03  75.0
  0.567408  0.000000  -0.234039  2.962860e-03  75.0
  0.513968  0.000000  -0.082897  2.790475e-03  75.0
  0.594985  0.000000  -0.336957  2.836349e-03  75.0
  0.539831  0.000000  -0.131121  2.667150e-03  75.0
  0.622561  0.000000  -0.439875  2.549240e-03  75.0
  0.569122  0.000000  -0.288733  2.524476e-03  75.0
  0.500180  0.000000  -0.031438  2.635839e-03  75.0
  0.527757  0.000000  -0.134356  2.422911e-03  75.0
  0.594985  0.000000  -0.336957  2.410836e-03  75.0
  0.567408  0.000000  -0.234039  2.462897e-03  75.0
  0.634635  0.000000  -0.436640  2.453020e-03  75.0
  0.607059  0.000000  -0.333722  2.378055e-03  75.0
  0.486392  0.000000  0.020021  2.355677e-03  75.0
  0.512254  0.000000  -0.028203  2.423812e-03  75.0
  0.662212  0.000000  -0.539558  2.320693e-03  75.0
  0.539831  0.000000  -0.131121  2.223051e-03  75.0
  0.472603  0.000000  0.071480  2.116025e-03  75.0
  0.500180  0.000000  -0.031438  2.460492e-03  75.0
  0.581196  0.000000  -0.285498  2.259205e-03  75.0
  0.555334  0.000000  -0.237274  2.281648e-03  75.0
  0.527757  0.000000  -0.134356  2.180230e-03  75.0
  0.608773  0.000000  -0.388416  2.262915e-03  75.0
  0.634635  0.000000  -0.436640  2.510918e-03  75.0
  0.567408  0.000000  -0.234039  2.080889e-03  75.0
  0.594985  0.000000  -0.336957  2.242363e-03  75.0
  0.636350  0.000000  -0.491335  2.082973e-03  75.0
  0.662212  0.000000  -0.539558  2.291146e-03  75.0
  0.688075  0.000000  -0.587782  2.053729e-03  75.0
  0.620847  0.000000  -0.385181  1.963905e-03  75.0
  0.648424  0.000000  -0.488099  1.952904e-03  75.0
  0.539831  0.000000  -0.131121  1.919724e-03  75.0
  0.512254  0.000000  -0.028203  1.992126e-03  75.0
  0.486392  0.000000  0.020021  2.361856e-03  75.0
  0.460529  0.000000  0.068245  2.152366e-03  75.0
  0.567408  0.000000  -0.234039  2.003208e-03  75.0
  0.594985  0.000000  -0.336957  2.078587e-03  75.0
  0.622561  0.000000  -0.439875  2.113054e-03  75.0
  0.500180  0.000000  -0.031438  2.044955e-03  75.0
  0.527757  0.000000  -0.134356  2.239881e-03  75.0
  0.555334  0.000000  -0.237274  2.237595e-03  75.0
  0.488106  0.000000  -0.034673  2.006477e-03  75.0
  0.513968  0.000000  -0.082897  1.958771e-03  75.0
  0.582911  0.000000  -0.340193  2.086646e-03  75.0
  0.472603  0.000000  0.071480  2.103158e-03  75.0
  0.539831  0.000000  -0.131121  1.951484e-03  75.0
  0.500180  0.000000  -0.031438  1.991681e-03  75.0
  0.608773  0.000000  -0.388416  2.010796e-03  75.0
  0.445026  0.000000  0.174398  1.960439e-03  75.0
  0.472603  0.000000  0.071480  1.934611e-03  75.0
  0.500000  0.000000  0.266372  3.073559e-03  90.0
  0.500000  0.000000  0.372920  3.790307e-03  90.0
  0.500000  0.000000  0.479469  4.207812e-03  90.0
  0.500000  0.000000  0.586018  4.190576e-03  90.0
  0.500000  0.000000  0.692567  3.897284e-03  90.0
  0.500000  0.000000  0.159823  3.644370e-03  90.0
  0.500000  0.000000  0.799115  3.616263e-03  90.0
  0.500000  0.000000  0.905664  3.280619e-03  90.0
  0.500000  0.000000  0.266372  3.329218e-03  90.0
  0.500000  0.000000  0.372920  3.987186e-03  90.0
  0.500000  0.000000  0.479469  4.227419e-03  90.0
  0.500000  0.000000  0.586018  4.222492e-03  90.0
  0.500000  0.000000  0.692567  4.077781e-03  90.0
  0.500000  0.000000  0.799115  3.529778e-03  90.0
  0.500000  0.000000  0.586018  3.371353e-03  90.0
  0.500000  0.000000  0.479469  4.126148e-03  90.0
  0.500000  0.000000  0.372920  4.280533e-03  90.0
  0.500000  0.000000  0.692567  3.879418e-03  90.0
  0.500000  0.000000  0.586018  3.938763e-03  90.0
  0.500000  0.000000  0.479469  4.333788e-03  90.0
  0.500000  0.000000  0.266372  3.844931e-03  90.0
  0.500000  0.000000  0.372920  4.269293e-03  90.0
  0.500000  0.000000  0.159823  3.660148e-03  90.0
  0.500000  0.000000  0.266372  3.793260e-03  90.0
  0.500000  0.000000  0.053274  3.919388e-03  90.0
  0.500000  0.000000  0.159823  3.648909e-03  90.0
  0.500000  0.000000  0.372920  3.523553e-03  90.0
  0.500000  0.000000  0.479469  4.196290e-03  90.0
  0.500000  0.000000  0.266372  4.281849e-03  90.0
  0.500000  0.000000  0.586018  3.803645e-03  90.0
  0.500000  0.000000  0.372920  4.085963e-03  90.0
  0.500000  0.000000  0.479469  4.323778e-03  90.0
  0.500000  0.000000  0.692567  3.811259e-03  90.0
  0.500000  0.000000  0.586018  4.161984e-03  90.0
  0.500000  0.000000  0.799115  3.525349e-03  90.0
  0.500000  0.000000  0.692567  3.713010e-03  90.0
  0.500000  0.000000  0.479469  3.668639e-03  90.0
  0.500000  0.000000  0.586018  4.123769e-03  90.0
  0.500000  0.000000  0.372920  4.200203e-03  90.0
  0.500000  0.000000  0.266372  3.917500e-03  90.0
  0.500000  0.000000  0.479469  4.134483e-03  90.0
  0.500000  0.000000  0.372920  4.001811e-03  90.0
  0.500000  0.000000  0.159823  3.877554e-03  90.0
  0.500000  0.000000  0.266372  4.167754e-03  90.0
  0.500000  0.000000  0.053274  3.445202e-03  90.0
  0.500000  0.000000  0.159823  3.728953e-03  90.0
  0.500000  0.000000  0.372920  3.523603e-03  90.0
  0.500000  0.000000  0.266372  4.091234e-03  90.0
  0.500000  0.000000  0.479469  4.109489e-03  90.0
  0.500000  0.000000  0.586018  4.135197e-03  90.0
  0.484677  0.000000  -0.074715  9.531133e-05  105.0
  0.486392  0.000000  -0.020021  1.080330e-04  105.0
  0.498466  0.000000  -0.023256  8.033366e-05  105.0
  0.470889  0.000000  -0.126174  9.057326e-05  105.0
  0.500180  0.000000  0.031438  8.249567e-05  105.0
  0.472603  0.000000  -0.071480  9.865648e-05  105.0
  0.486392  0.000000  -0.020021  6.987339e-05  105.0
  0.484677  0.000000  -0.074715  8.500952e-05  105.0
  0.482963  0.000000  -0.129410  8.765678e-05  105.0
  0.498466  0.000000  -0.023256  6.873786e-05  105.0
  0.500180  0.000000  0.031438  7.932462e-05  105.0
  0.496751  0.000000  -0.077950  7.228435e-05  105.0
  0.498466  0.000000  -0.023256  7.529383e-05  105.0
  0.484677  0.000000  -0.074715  7.386037e-05  105.0
  0.512254  0.000000  0.028203  7.815019e-05  105.0
  0.513968  0.000000  0.082897  7.078592e-05  105.0
  0.486392  0.000000  -0.020021  7.294938e-05  105.0
  0.484677  0.000000  -0.074715  7.054972e-05  105.0
  0.482963  0.000000  -0.129410  8.028112e-05  105.0
  0.488106  0.000000  0.034673  6.394963e-05  105.0
  0.486392  0.000000  -0.020021  7.249737e-05  105.0
  0.484677  0.000000  -0.074715  7.640986e-05  105.0
  0.457100  0.000000  -0.177633  7.165865e-05  105.0
  0.498466  0.000000  -0.023256  6.328057e-05  105.0
  0.470889  0.000000  -0.126174  7.281944e-05  105.0
  0.500180  0.000000  0.031438  7.057650e-05  105.0
  0.472603  0.000000  -0.071480  7.248357e-05  105.0
  0.469174  0.000000  -0.180869  6.993914e-05  105.0
  0.470889  0.000000  -0.126174  7.299538e-05  105.0
  0.498466  0.000000  -0.023256  6.500917e-05  105.0
  0.484677  0.000000  -0.074715  6.757163e-05  105.0
  0.486392  0.000000  -0.020021  7.842801e-05  105.0
  0.488106  0.000000  0.034673  6.606600e-05  105.0
  0.500180  0.000000  0.031438  6.478637e-05  105.0
  0.501894  0.000000  0.086132  7.169315e-05  105.0
  0.498466  0.000000  -0.023256  6.247594e-05  105.0
  0.500180  0.000000  0.031438  6.841910e-05  105.0
  0.496751  0.000000  -0.077950  6.521970e-05  105.0
  0.469174  0.000000  -0.180869  6.790013e-05  105.0
  0.498466  0.000000  -0.023256  6.530547e-05  105.0
  0.470889  0.000000  -0.126174  6.994774e-05  105.0
  0.484677  0.000000  -0.074715  6.564400e-05  105.0
  0.486392  0.000000  -0.020021  7.143172e-05  105.0
  0.472603  0.000000  -0.071480  6.731597e-05  105.0
  0.500180  0.000000  0.031438  6.835395e-05  105.0
  0.501894  0.000000  0.086132  6.641314e-05  105.0
  0.891841  0.000000  -0.680197  6.135109e-05  105.0
  0.893555  0.000000  -0.625503  6.959482e-05  105.0
  0.890126  0.000000  -0.734892  6.718405e-05  105.0
  0.891841  0.000000  -0.680197  6.637626e-05  105.0
  0.906045  0.000000  -0.830685  6.971185e-05  120.0
  0.921856  0.000000  -0.778298  7.862939e-05  120.0
  0.879407  0.000000  -0.876822  6.896831e-05  120.0
  0.895219  0.000000  -0.824435  8.112001e-05  120.0
  0.948494  0.000000  -0.732161  6.419447e-05  120.0
  0.932682  0.000000  -0.784548  6.916183e-05  120.0
  0.879407  0.000000  -0.876822  6.937031e-05  120.0
  0.906045  0.000000  -0.830685  6.655730e-05  120.0
  0.852770  0.000000  -0.922959  7.542827e-05  120.0
  0.959319  0.000000  -0.738411  6.514264e-05  120.0
  0.868582  0.000000  -0.870572  6.610945e-05  120.0
  0.932682  0.000000  -0.784548  6.198553e-05  120.0
  0.879407  0.000000  -0.876822  6.393841e-05  120.0
  0.863596  0.000000  -0.929209  6.861310e-05  120.0
  0.906045  0.000000  -0.830685  5.808033e-05  120.0
  0.852770  0.000000  -0.922959  6.931771e-05  120.0
  0.921856  0.000000  -0.778298  6.075744e-05  120.0
  0.975131  0.000000  -0.686024  6.493040e-05  120.0
  0.868582  0.000000  -0.870572  6.299985e-05  120.0
  0.921856  0.000000  -0.778298  6.080184e-05  120.0
  0.906045  0.000000  -0.830685  5.931504e-05  120.0
  0.879407  0.000000  -0.876822  6.513675e-05  120.0
  0.895219  0.000000  -0.824435  7.021179e-05  120.0
  0.948494  0.000000  -0.732161  6.447394e-05  120.0
  0.932682  0.000000  -0.784548  6.269813e-05  120.0
  0.879407  0.000000  -0.876822  5.982368e-05  120.0
  0.826133  0.000000  -0.969096  6.799518e-05  120.0
  0.906045  0.000000  -0.830685  5.680982e-05  120.0
  0.890233  0.000000  -0.883072  6.321787e-05  120.0
  0.836958  0.000000  -0.975346  5.688504e-05  120.0
  0.852770  0.000000  -0.922959  6.064032e-05  120.0
  0.906045  0.000000  -0.830685  5.766804e-05  120.0
  0.959319  0.000000  -0.738411  6.595383e-05  120.0
  0.932682  0.000000  -0.784548  6.028140e-05  120.0
  0.879407  0.000000  -0.876822  6.902429e-05  120.0
  0.985956  0.000000  -0.692274  6.469161e-05  120.0
  0.932682  0.000000  -0.784548  5.743700e-05  120.0
  0.906045  0.000000  -0.830685  6.397743e-05  120.0
  0.959319  0.000000  -0.738411  6.304498e-05  120.0
  0.975131  0.000000  -0.686024  6.038648e-05  120.0
  0.921856  0.000000  -0.778298  6.193519e-05  120.0
  0.906045  0.000000  -0.830685  5.829092e-05  120.0
  0.852770  0.000000  -0.922959  6.714397e-05  120.0
  0.879407  0.000000  -0.876822  5.719498e-05  120.0
  0.932682  0.000000  -0.784548  6.159842e-05  120.0
  0.826133  0.000000  -0.969096  6.430479e-05  120.0
  0.906045  0.000000  -0.830685  5.786156e-05  120.0
  0.879407  0.000000  -0.876822  6.096093e-05  120.0
  0.895219  0.000000  -0.824435  5.686864e-05  120.0
  0.959319  0.000000  -0.738411  6.244779e-05  120.0
