RCS SIMULATOR RESULTS 20260619210223

Simulation Parameters:
    Mode: Monostatic
    Radar Frequency (GHz): 1.0000
    Wavelength (m): 0.300000
    Correlation distance (m): 0.000000
    Standard Deviation (m): 0.000000
    Incident wave polarization: TM-z
    Number of triangles: 10938
    Start phi angle (degrees): 0
    Stop phi angle (degrees): 0
    Phi increment step (degrees): 0
    Start theta angle (degrees): 0
    Stop theta angle (degrees): 180
    Theta increment step (degrees): 5.000000e-01

Simulation Results IR Signature:
Theta (deg):
[0 0.5 1 1.5 2 2.5 3 3.5 4 4.5 5 5.5 6 6.5 7 7.5 8 8.5 9 9.5 10 10.5 11 11.5 12 12.5 13 13.5 14 14.5 15 15.5 16 16.5 17 17.5 18 18.5 19 19.5 20 20.5 21 21.5 22 22.5 23 23.5 24 24.5 25 25.5 26 26.5 27 27.5 28 28.5 29 29.5 30 30.5 31 31.5 32 32.5 33 33.5 34 34.5 35 35.5 36 36.5 37 37.5 38 38.5 39 39.5 40 40.5 41 41.5 42 42.5 43 43.5 44 44.5 45 45.5 46 46.5 47 47.5 48 48.5 49 49.5 50 50.5 51 51.5 52 52.5 53 53.5 54 54.5 55 55.5 56 56.5 57 57.5 58 58.5 59 59.5 60 60.5 61 61.5 62 62.5 63 63.5 64 64.5 65 65.5 66 66.5 67 67.5 68 68.5 69 69.5 70 70.5 71 71.5 72 72.5 73 73.5 74 74.5 75 75.5 76 76.5 77 77.5 78 78.5 79 79.5 80 80.5 81 81.5 82 82.5 83 83.5 84 84.5 85 85.5 86 86.5 87 87.5 88 88.5 89 89.5 90 90.5 91 91.5 92 92.5 93 93.5 94 94.5 95 95.5 96 96.5 97 97.5 98 98.5 99 99.5 100 100.5 101 101.5 102 102.5 103 103.5 104 104.5 105 105.5 106 106.5 107 107.5 108 108.5 109 109.5 110 110.5 111 111.5 112 112.5 113 113.5 114 114.5 115 115.5 116 116.5 117 117.5 118 118.5 119 119.5 120 120.5 121 121.5 122 122.5 123 123.5 124 124.5 125 125.5 126 126.5 127 127.5 128 128.5 129 129.5 130 130.5 131 131.5 132 132.5 133 133.5 134 134.5 135 135.5 136 136.5 137 137.5 138 138.5 139 139.5 140 140.5 141 141.5 142 142.5 143 143.5 144 144.5 145 145.5 146 146.5 147 147.5 148 148.5 149 149.5 150 150.5 151 151.5 152 152.5 153 153.5 154 154.5 155 155.5 156 156.5 157 157.5 158 158.5 159 159.5 160 160.5 161 161.5 162 162.5 163 163.5 164 164.5 165 165.5 166 166.5 167 167.5 168 168.5 169 169.5 170 170.5 171 171.5 172 172.5 173 173.5 174 174.5 175 175.5 176 176.5 177 177.5 178 178.5 179 179.5 180]

RCS Theta (dBsm):
[20.3073533800602 20.2601215871795 20.1197204611205 19.8813945545687 19.5458344634131 19.1114810433453 18.5756081174215 17.9345952438183 17.1837609040784 16.3170995399542 15.3269409780963 14.2034179420434 12.9336319343493 11.5001408353549 9.87872275955283 8.03409506360683 5.91192675966619 3.42237500250061 0.401907389449483 -3.49129910077162 -9.13940793082365 -18.4798534599186 -13.6718112749314 -8.26491360070189 -5.34035081272939 -3.50013305053605 -2.25043972366897 -1.37451622821707 -0.765254373646444 -0.368537928711212 -0.162899295804171 -0.149909647385855 -0.346557578465642 -0.789996380684091 -1.54148243734553 -2.69998684532044 -4.4353494145961 -7.07537028922325 -11.3416045223346 -17.6032017257558 -13.7201125774922 -8.34648394646878 -5.12449384089704 -3.12162680265144 -1.92755171917141 -1.35802098970875 -1.33062322547378 -1.79397975661912 -2.71291972620342 -4.02952534044119 -5.60044149510262 -7.15270140413553 -8.41604791701345 -9.37777077255945 -10.4026005077935 -11.9659697100389 -14.4766112419168 -17.8507379261308 -19.190025507022 -16.7334403521832 -14.5964005413002 -13.732381493227 -14.0670907150043 -15.6358448834596 -18.6380631389754 -23.4312930880737 -29.9838361941267 -34.259954548312 -32.4924965483579 -22.6441161423275 -15.8793389495413 -11.3784550034731 -8.35009183081915 -6.42452366089046 -5.43825604396818 -5.32881020292247 -6.10163789965981 -7.79938436466735 -10.380711821079 -13.2545952135012 -14.8921062131807 -15.4062648367401 -16.1976020908129 -16.0169371642769 -13.5057856390485 -11.2409672225989 -10.6686366431435 -12.4551879805871 -17.1585602750996 -13.3855839207319 -7.44277312295827 -4.32720635659599 -3.16429773884464 -3.68895212613331 -6.03384685648936 -10.0011520924702 -10.2075643044614 -6.87312436001492 -5.13503718020868 -4.76679164217429 -4.62373565861303 -3.86764100696324 -3.23750854581751 -3.96573578118306 -7.39657481297118 -16.0102346567572 -8.26112563841145 -3.09237312969402 -1.47392283879953 -2.41880283454668 -6.47961149095211 -14.0665340678315 -8.06396950298362 -4.52823556838392 -3.93605889298116 -3.98455510864359 -2.95239664625112 -2.44625219779868 -4.41265833488865 -4.16109151175224 2.67083033203883 7.10996159540324 9.1845619226518 9.09719949432847 6.04509445454297 -6.43537262472219 4.38649692239317 11.011949405965 13.5940903585314 13.8189779973017 11.5612509045682 4.23629330229665 0.579242924828653 10.9886118457883 14.2831914042168 14.8642161641987 13.1657927273968 8.13568061665666 -4.89158199517792 7.43892217408771 11.7075716930075 12.7180445919974 11.6245840109736 8.47058414643682 3.06153407779908 1.05949770380479 4.40228143910908 6.05903679529268 6.33999510920603 5.81447030180551 4.49862642010251 1.83633239755506 -3.58460744541077 -14.2744851862113 -5.86121797340399 -2.15841938848121 -0.940345170859355 0.122818258561729 1.65336081231062 2.73408421115011 2.63891135437443 0.927247860337073 -3.3011343243241 -10.9357764967824 -3.51109107435538 2.0375676525576 5.03723418556275 6.51603090065255 6.67930999712406 5.32030146519844 1.49263474922263 -10.9040567700844 -1.47983527629053 5.74755810438282 9.43562962540519 11.7492649569283 13.3382632213977 14.4878517907594 15.3239133981782 15.8793205142994 16.1297321878895 16.018849100501 15.4680112994932 14.3787313920922 12.6215555120637 9.99702408273935 6.11710261457867 -0.0803952901299172 -15.3233136588322 -7.47577258915828 -2.39220593984545 -0.873474575357534 -0.705535019420501 -1.21361700061222 -2.14791049025199 -3.58846703538051 -6.03661762949148 -10.9773479421167 -27.6047824137469 -11.3259966370095 -5.66437452868498 -3.25181778484183 -2.68108875735264 -3.71017804122645 -6.6460246970574 -12.8104875831821 -17.8361973876798 -10.6391043917517 -7.51005814789213 -6.56474826104519 -6.96670854683299 -8.40333223565615 -10.8820743486635 -14.902333202556 -21.6039368754997 -20.1397569212577 -14.6294875956125 -12.1084634361765 -11.6250481912383 -12.956133418389 -15.96957305918 -17.6487473311717 -15.146123364755 -13.5135835031833 -14.2852175306246 -18.8109309675721 -37.0343790395535 -17.179634330824 -12.2679244532322 -10.5082877572693 -10.6195202623442 -12.2619783136474 -15.2404385654516 -18.359723046632 -18.5885325899608 -17.0473019862858 -15.7579252650635 -14.6785325687217 -13.5189341138756 -12.3397981425261 -11.4866100282992 -11.323461099526 -12.0839202848067 -13.370533863601 -13.0771737322757 -10.6632717427079 -8.54682378008318 -7.68077178188106 -8.25406702443152 -10.4806925533875 -14.4430142967621 -16.2885615986663 -13.4407955947549 -11.8842845118924 -12.4962570010895 -15.5242135893163 -22.1015051697079 -24.9385026936433 -20.8473075552278 -21.8736023237675 -30.6304285916011 -20.498501184432 -13.8816814930269 -10.6724491734711 -9.19601972369132 -8.77443707699788 -8.83055634045954 -8.73668370839645 -8.19057294356434 -7.48536588410359 -7.05143013558016 -7.14764939727881 -7.88919438794498 -9.39336061299404 -11.8965808092681 -15.8662961613917 -21.7684977957515 -22.164546905589 -17.4543910006792 -14.2281903318235 -11.7073962618897 -9.50751614381348 -7.72093352197052 -6.50810974632409 -5.98006038189546 -6.19913624392235 -7.22204979301114 -9.11287684139141 -11.9352055145859 -15.6960050074087 -20.2749669657853 -26.323117737935 -35.3580287629484 -23.1048200384611 -17.1724962739452 -13.9576829885489 -12.3245593021919 -11.9978157875571 -12.9764827943356 -15.2924548054632 -17.8938173056461 -16.7775318537063 -13.6872347630498 -11.5736645257502 -10.5743917221939 -10.4998270559696 -11.1788183403206 -12.5593376516426 -14.8684776819374 -19.2638278399215 -35.4691775520321 -18.2725309589514 -10.7649191389138 -6.24597188741997 -3.12139653736602 -0.902248331943172 0.611141265612057 1.50955350575925 1.82031908621977 1.50897710254687 0.453755937855809 -1.65433645427338 -5.72531953357122 -16.4987523021395 -10.2252364409198 -2.34162154880978 1.77695679127946 4.4459519383583 6.27590442445658 7.50527498633881 8.23579133113468 8.4980665686801 8.26674760239167 7.4511858272099 5.84061417318602 2.91171608955903 -3.19395057836105 -17.6470415878176 0.284343974115397 5.87315515099772 9.17315582937231 11.3647926339578 12.8329857802235 13.736703318112 14.1362552974551 14.02792358489 13.3411012806905 11.8939748343763 9.23224344010148 3.83532273608729 -26.6602490528519 5.34514867571535 11.5723277699544 15.2446045986728 17.7830883650239 19.6388800714528 21.0125834501254 22.0091065080625 22.688104697094 23.0843805016372 23.2144574266177]

Phi (deg):
[0 0 0 0 0 0 0 0 0 0 0 0 0 0 0 0 0 0 0 0 0 0 0 0 0 0 0 0 0 0 0 0 0 0 0 0 0 0 0 0 0 0 0 0 0 0 0 0 0 0 0 0 0 0 0 0 0 0 0 0 0 0 0 0 0 0 0 0 0 0 0 0 0 0 0 0 0 0 0 0 0 0 0 0 0 0 0 0 0 0 0 0 0 0 0 0 0 0 0 0 0 0 0 0 0 0 0 0 0 0 0 0 0 0 0 0 0 0 0 0 0 0 0 0 0 0 0 0 0 0 0 0 0 0 0 0 0 0 0 0 0 0 0 0 0 0 0 0 0 0 0 0 0 0 0 0 0 0 0 0 0 0 0 0 0 0 0 0 0 0 0 0 0 0 0 0 0 0 0 0 0 0 0 0 0 0 0 0 0 0 0 0 0 0 0 0 0 0 0 0 0 0 0 0 0 0 0 0 0 0 0 0 0 0 0 0 0 0 0 0 0 0 0 0 0 0 0 0 0 0 0 0 0 0 0 0 0 0 0 0 0 0 0 0 0 0 0 0 0 0 0 0 0 0 0 0 0 0 0 0 0 0 0 0 0 0 0 0 0 0 0 0 0 0 0 0 0 0 0 0 0 0 0 0 0 0 0 0 0 0 0 0 0 0 0 0 0 0 0 0 0 0 0 0 0 0 0 0 0 0 0 0 0 0 0 0 0 0 0 0 0 0 0 0 0 0 0 0 0 0 0 0 0 0 0 0 0 0 0 0 0 0 0 0 0 0 0 0 0 0 0 0 0 0 0 0 0 0 0 0 0]

RCS Phi (dBsm):
[-100 -100 -100 -100 -100 -100 -100 -100 -100 -100 -100 -100 -100 -100 -100 -100 -100 -100 -100 -100 -100 -100 -100 -100 -100 -100 -100 -100 -100 -100 -100 -100 -100 -100 -100 -100 -100 -100 -100 -100 -100 -100 -100 -100 -100 -100 -100 -100 -100 -100 -100 -100 -100 -100 -100 -100 -100 -100 -100 -100 -100 -100 -100 -100 -100 -100 -100 -99.9999999999999 -100 -100 -99.9999999999999 -100 -100 -100 -100 -100 -100 -100 -100 -100 -100 -100 -100 -100 -100 -100 -100 -100 -100 -100 -100 -100 -100 -100 -100 -100 -100 -100 -100 -100 -100 -100 -100 -100 -99.9999999999999 -100 -100 -100 -100 -100 -100 -100 -100 -100 -100 -100 -100 -100 -100 -100 -100 -100 -100 -100 -100 -100 -100 -100 -100 -100 -100 -100 -100 -100 -100 -100 -100 -100 -100 -100 -100 -100 -100 -99.9999999999999 -100 -99.9999999999999 -100 -100 -100 -100 -100 -100 -100 -100 -100 -100 -99.9999999999999 -99.9999999999999 -99.9999999999999 -99.9999999999999 -99.9999999999999 -99.9999999999999 -100 -100 -100 -100 -99.9999999999999 -100 -100 -100 -100 -100 -100 -100 -100 -100 -100 -100 -100 -100 -100 -100 -100 -100 -100 -100 -100 -100 -100 -100 -100 -100 -100 -99.9999999999999 -100 -100 -100 -100 -100 -100 -99.9999999999999 -99.9999999999999 -99.9999999999999 -99.9999999999999 -99.9999999999999 -100 -100 -100 -100 -100 -100 -100 -100 -100 -100 -100 -100 -99.9999999999999 -100 -100 -100 -100 -100 -100 -100 -100 -100 -100 -100 -100 -100 -100 -100 -100 -100 -100 -100 -100 -100 -100 -100 -100 -100 -100 -100 -100 -100 -100 -100 -100 -100 -100 -100 -100 -100 -100 -100 -100 -100 -100 -100 -100 -100 -100 -100 -100 -100 -100 -100 -100 -100 -100 -100 -100 -100 -100 -100 -100 -100 -100 -100 -100 -100 -100 -100 -100 -100 -100 -100 -100 -100 -100 -100 -100 -100 -100 -99.9999999999999 -100 -100 -100 -99.9999999999999 -100 -100 -100 -100 -100 -100 -100 -100 -100 -100 -100 -100 -100 -100 -100 -100 -100 -100 -100 -100 -100 -100 -100 -100 -100 -100 -100 -100 -100 -100 -100 -100 -100 -100 -100 -100 -100 -100 -100 -100 -100 -100 -100 -100 -100 -100 -100 -100 -100 -100 -100 -100 -100 -100 -100 -100 -100 -100 -100 -100]
