RCS SIMULATOR RESULTS 20260620001041

Simulation Parameters:
    Mode: Bistatic
    Radar Frequency (GHz): 1.0000
    Wavelength (m): 0.300000
    Correlation distance (m): 0.000000
    Standard Deviation (m): 0.000000
    Incident wave polarization: TM-z
    Number of triangles: 12170
    Start phi angle (degrees): 0
    Stop phi angle (degrees): 0
    Phi increment step (degrees): 0
    Start theta angle (degrees): 0
    Stop theta angle (degrees): 180
    Theta increment step (degrees): 1

Simulation Results IR Signature:
Theta (deg):
[0 1 2 3 4 5 6 7 8 9 10 11 12 13 14 15 16 17 18 19 20 21 22 23 24 25 26 27 28 29 30 31 32 33 34 35 36 37 38 39 40 41 42 43 44 45 46 47 48 49 50 51 52 53 54 55 56 57 58 59 60 61 62 63 64 65 66 67 68 69 70 71 72 73 74 75 76 77 78 79 80 81 82 83 84 85 86 87 88 89 90 91 92 93 94 95 96 97 98 99 100 101 102 103 104 105 106 107 108 109 110 111 112 113 114 115 116 117 118 119 120 121 122 123 124 125 126 127 128 129 130 131 132 133 134 135 136 137 138 139 140 141 142 143 144 145 146 147 148 149 150 151 152 153 154 155 156 157 158 159 160 161 162 163 164 165 166 167 168 169 170 171 172 173 174 175 176 177 178 179 180]

RCS Theta (dBsm):
[-11.4633640860787 -11.3634162866758 -10.9324009924718 -9.95377053053053 -8.46349156106925 -6.76640921999165 -5.15969566964275 -3.81097298184573 -2.79502114493062 -2.14609065412946 -1.88696285917428 -2.039582777841 -2.61944039272831 -3.59719624590496 -4.77548178122298 -5.5755268933735 -5.29268272165387 -4.126504658855 -2.88625782053944 -2.06462526856629 -1.83903218348482 -2.26583543805845 -3.31985318026259 -4.73768314288943 -5.69643052685224 -5.40589796471346 -4.54195641233003 -4.19501510846349 -4.99346697288291 -7.61172255529317 -14.2658126170894 -22.5960575316718 -10.0668983761552 -6.34667037707247 -5.48495761973545 -6.80834989350921 -9.73492865179915 -8.69988556474118 -4.56059061036872 -2.11654260331328 -1.52836010770375 -2.75856906656967 -5.89964176019116 -8.24765339662065 -5.33120876593864 -3.0770790695196 -3.07664920713554 -5.60506080524995 -11.5694534392125 -12.9283878980746 -9.03484111379444 -9.3968238975965 -9.97192434802301 -4.25412384121949 -0.0780644969636578 1.66408861901827 1.22679044901584 -1.7771200467215 -8.57089879426717 -7.68090577828894 -3.45042355500181 -3.34407223695743 -6.07123180737912 -5.47232356218917 -1.83985635308924 -0.802890938329946 -3.17021872488499 -13.0126894580156 -9.16459531982202 -2.83877240216196 -2.34487151769716 -6.65689366456048 -12.4943081028022 -3.4129227748273 -0.405027739248337 -0.773895612757303 -3.78459282672313 -6.50037671325867 -4.91205461003923 -4.56942671115288 -6.30475470505648 -5.85526324160148 -3.63656212561301 -3.86741739947931 -8.57292686669785 -19.5982831779427 -7.07043926076169 -4.79441260503204 -8.01302836109416 -36.0946182231361 -6.54153938287352 -2.38558211033221 -2.40255383119069 -6.15401458429482 -13.3016689093838 -7.68258315093086 -4.78924767900336 -4.95186532417188 -5.40795523956054 -3.76858675672878 -2.17873113494727 -2.24072335624374 -4.73529870150426 -12.9374452074953 -11.0350032183246 -2.7814710675313 0.155622292856613 0.310773619132385 -2.10058002466328 -5.61582825604335 -3.29504219525897 -0.900739296219334 -1.0316181480473 -1.63250427443182 0.472192288459157 2.34982908560307 1.62513513824963 -3.40299672669089 -3.08992246441827 4.15801884117623 7.05610380504459 7.05651822078482 3.76350595005419 -7.89956545581418 2.05967771570834 8.13490567829588 10.7506409400728 11.8046427461031 11.9601345543325 11.4556486479179 10.256517326431 8.53030653493421 8.01835544122839 10.0849699680555 12.341549719153 13.5018005772711 13.3905824710034 11.937345206498 8.93376872762719 4.00661156872047 -1.7778076883361 -2.88413252498995 -5.07354485447047 -24.9095252178028 -3.4377231176756 2.26441534176606 4.00895426810028 2.92363050010565 -2.1826016419808 -5.35711951085369 3.56787773140642 7.58366146031316 9.12968129203534 8.77671438638705 6.11637889912954 -2.10070187915636 -1.89776348189801 7.74983954744533 11.8248277294082 13.9139219721017 14.766381574152 14.6120269582239 13.4579756371975 11.1254023277914 7.39221549905331 5.02854326598612 8.84580838803281 12.7339498590949 15.4912383868552 17.5398986222019 19.1903902075232 20.6253703570796 21.9347499089838 23.1451913758136 24.2467746231579 25.2165346512884 26.0324290896502 26.6784695027016 27.1448362139561 27.4262370071069 27.5202927489348]

Phi (deg):
[0 0 0 0 0 0 0 0 0 0 0 0 0 0 0 0 0 0 0 0 0 0 0 0 0 0 0 0 0 0 0 0 0 0 0 0 0 0 0 0 0 0 0 0 0 0 0 0 0 0 0 0 0 0 0 0 0 0 0 0 0 0 0 0 0 0 0 0 0 0 0 0 0 0 0 0 0 0 0 0 0 0 0 0 0 0 0 0 0 0 0 0 0 0 0 0 0 0 0 0 0 0 0 0 0 0 0 0 0 0 0 0 0 0 0 0 0 0 0 0 0 0 0 0 0 0 0 0 0 0 0 0 0 0 0 0 0 0 0 0 0 0 0 0 0 0 0 0 0 0 0 0 0 0 0 0 0 0 0 0 0 0 0 0 0 0 0 0 0 0 0 0 0 0 0 0 0 0 0 0 0]

RCS Phi (dBsm):
[-100 -100 -100 -100 -100 -100 -100 -100 -100 -100 -100 -100 -100 -100 -100 -100 -100 -100 -100 -100 -100 -100 -100 -100 -100 -100 -100 -100 -100 -100 -100 -100 -100 -100 -100 -100 -100 -100 -100 -100 -100 -100 -100 -100 -100 -100 -100 -100 -100 -100 -100 -100 -100 -100 -100 -100 -100 -100 -100 -100 -100 -100 -100 -100 -100 -100 -100 -100 -100 -100 -100 -100 -100 -100 -100 -100 -100 -100 -100 -100 -100 -100 -100 -100 -100 -100 -100 -100 -100 -100 -100 -100 -100 -100 -100 -100 -100 -100 -100 -100 -100 -100 -100 -100 -100 -100 -100 -100 -100 -100 -100 -100 -100 -100 -100 -100 -100 -100 -100 -100 -100 -100 -100 -100 -100 -100 -100 -100 -100 -100 -100 -100 -100 -100 -100 -100 -100 -100 -100 -100 -100 -100 -100 -100 -100 -100 -100 -100 -100 -100 -100 -100 -100 -100 -100 -100 -100 -100 -100 -100 -100 -100 -100 -100 -100 -100 -100 -100 -100 -100 -100 -100 -100 -100 -100 -100 -100 -100 -100 -100 -100]
