RCS SIMULATOR RESULTS 20260620135507

Simulation Parameters:
    Mode: Monostatic
    Radar Frequency (GHz): 1.0000
    Wavelength (m): 0.300000
    Correlation distance (m): 0.000000
    Standard Deviation (m): 0.000000
    Incident wave polarization: TM-z
    Number of triangles: 12170
    Start phi angle (degrees): 90
    Stop phi angle (degrees): 90
    Phi increment step (degrees): 0
    Start theta angle (degrees): 0
    Stop theta angle (degrees): 180
    Theta increment step (degrees): 2.000000e-01

Simulation Results IR Signature:
Theta (deg):
[0 0.2 0.4 0.6 0.8 1 1.2 1.4 1.6 1.8 2 2.2 2.4 2.6 2.8 3 3.2 3.4 3.6 3.8 4 4.2 4.4 4.6 4.8 5 5.2 5.4 5.6 5.8 6 6.2 6.4 6.6 6.8 7 7.2 7.4 7.6 7.8 8 8.2 8.4 8.6 8.8 9 9.2 9.4 9.6 9.8 10 10.2 10.4 10.6 10.8 11 11.2 11.4 11.6 11.8 12 12.2 12.4 12.6 12.8 13 13.2 13.4 13.6 13.8 14 14.2 14.4 14.6 14.8 15 15.2 15.4 15.6 15.8 16 16.2 16.4 16.6 16.8 17 17.2 17.4 17.6 17.8 18 18.2 18.4 18.6 18.8 19 19.2 19.4 19.6 19.8 20 20.2 20.4 20.6 20.8 21 21.2 21.4 21.6 21.8 22 22.2 22.4 22.6 22.8 23 23.2 23.4 23.6 23.8 24 24.2 24.4 24.6 24.8 25 25.2 25.4 25.6 25.8 26 26.2 26.4 26.6 26.8 27 27.2 27.4 27.6 27.8 28 28.2 28.4 28.6 28.8 29 29.2 29.4 29.6 29.8 30 30.2 30.4 30.6 30.8 31 31.2 31.4 31.6 31.8 32 32.2 32.4 32.6 32.8 33 33.2 33.4 33.6 33.8 34 34.2 34.4 34.6 34.8 35 35.2 35.4 35.6 35.8 36 36.2 36.4 36.6 36.8 37 37.2 37.4 37.6 37.8 38 38.2 38.4 38.6 38.8 39 39.2 39.4 39.6 39.8 40 40.2 40.4 40.6 40.8 41 41.2 41.4 41.6 41.8 42 42.2 42.4 42.6 42.8 43 43.2 43.4 43.6 43.8 44 44.2 44.4 44.6 44.8 45 45.2 45.4 45.6 45.8 46 46.2 46.4 46.6 46.8 47 47.2 47.4 47.6 47.8 48 48.2 48.4 48.6 48.8 49 49.2 49.4 49.6 49.8 50 50.2 50.4 50.6 50.8 51 51.2 51.4 51.6 51.8 52 52.2 52.4 52.6 52.8 53 53.2 53.4 53.6 53.8 54 54.2 54.4 54.6 54.8 55 55.2 55.4 55.6 55.8 56 56.2 56.4 56.6 56.8 57 57.2 57.4 57.6 57.8 58 58.2 58.4 58.6 58.8 59 59.2 59.4 59.6 59.8 60 60.2 60.4 60.6 60.8 61 61.2 61.4 61.6 61.8 62 62.2 62.4 62.6 62.8 63 63.2 63.4 63.6 63.8 64 64.2 64.4 64.6 64.8 65 65.2 65.4 65.6 65.8 66 66.2 66.4 66.6 66.8 67 67.2 67.4 67.6 67.8 68 68.2 68.4 68.6 68.8 69 69.2 69.4 69.6 69.8 70 70.2 70.4 70.6 70.8 71 71.2 71.4 71.6 71.8 72 72.2 72.4 72.6 72.8 73 73.2 73.4 73.6 73.8 74 74.2 74.4 74.6 74.8 75 75.2 75.4 75.6 75.8 76 76.2 76.4 76.6 76.8 77 77.2 77.4 77.6 77.8 78 78.2 78.4 78.6 78.8 79 79.2 79.4 79.6 79.8 80 80.2 80.4 80.6 80.8 81 81.2 81.4 81.6 81.8 82 82.2 82.4 82.6 82.8 83 83.2 83.4 83.6 83.8 84 84.2 84.4 84.6 84.8 85 85.2 85.4 85.6 85.8 86 86.2 86.4 86.6 86.8 87 87.2 87.4 87.6 87.8 88 88.2 88.4 88.6 88.8 89 89.2 89.4 89.6 89.8 90 90.2 90.4 90.6 90.8 91 91.2 91.4 91.6 91.8 92 92.2 92.4 92.6 92.8 93 93.2 93.4 93.6 93.8 94 94.2 94.4 94.6 94.8 95 95.2 95.4 95.6 95.8 96 96.2 96.4 96.6 96.8 97 97.2 97.4 97.6 97.8 98 98.2 98.4 98.6 98.8 99 99.2 99.4 99.6 99.8 100 100.2 100.4 100.6 100.8 101 101.2 101.4 101.6 101.8 102 102.2 102.4 102.6 102.8 103 103.2 103.4 103.6 103.8 104 104.2 104.4 104.6 104.8 105 105.2 105.4 105.6 105.8 106 106.2 106.4 106.6 106.8 107 107.2 107.4 107.6 107.8 108 108.2 108.4 108.6 108.8 109 109.2 109.4 109.6 109.8 110 110.2 110.4 110.6 110.8 111 111.2 111.4 111.6 111.8 112 112.2 112.4 112.6 112.8 113 113.2 113.4 113.6 113.8 114 114.2 114.4 114.6 114.8 115 115.2 115.4 115.6 115.8 116 116.2 116.4 116.6 116.8 117 117.2 117.4 117.6 117.8 118 118.2 118.4 118.6 118.8 119 119.2 119.4 119.6 119.8 120 120.2 120.4 120.6 120.8 121 121.2 121.4 121.6 121.8 122 122.2 122.4 122.6 122.8 123 123.2 123.4 123.6 123.8 124 124.2 124.4 124.6 124.8 125 125.2 125.4 125.6 125.8 126 126.2 126.4 126.6 126.8 127 127.2 127.4 127.6 127.8 128 128.2 128.4 128.6 128.8 129 129.2 129.4 129.6 129.8 130 130.2 130.4 130.6 130.8 131 131.2 131.4 131.6 131.8 132 132.2 132.4 132.6 132.8 133 133.2 133.4 133.6 133.8 134 134.2 134.4 134.6 134.8 135 135.2 135.4 135.6 135.8 136 136.2 136.4 136.6 136.8 137 137.2 137.4 137.6 137.8 138 138.2 138.4 138.6 138.8 139 139.2 139.4 139.6 139.8 140 140.2 140.4 140.6 140.8 141 141.2 141.4 141.6 141.8 142 142.2 142.4 142.6 142.8 143 143.2 143.4 143.6 143.8 144 144.2 144.4 144.6 144.8 145 145.2 145.4 145.6 145.8 146 146.2 146.4 146.6 146.8 147 147.2 147.4 147.6 147.8 148 148.2 148.4 148.6 148.8 149 149.2 149.4 149.6 149.8 150 150.2 150.4 150.6 150.8 151 151.2 151.4 151.6 151.8 152 152.2 152.4 152.6 152.8 153 153.2 153.4 153.6 153.8 154 154.2 154.4 154.6 154.8 155 155.2 155.4 155.6 155.8 156 156.2 156.4 156.6 156.8 157 157.2 157.4 157.6 157.8 158 158.2 158.4 158.6 158.8 159 159.2 159.4 159.6 159.8 160 160.2 160.4 160.6 160.8 161 161.2 161.4 161.6 161.8 162 162.2 162.4 162.6 162.8 163 163.2 163.4 163.6 163.8 164 164.2 164.4 164.6 164.8 165 165.2 165.4 165.6 165.8 166 166.2 166.4 166.6 166.8 167 167.2 167.4 167.6 167.8 168 168.2 168.4 168.6 168.8 169 169.2 169.4 169.6 169.8 170 170.2 170.4 170.6 170.8 171 171.2 171.4 171.6 171.8 172 172.2 172.4 172.6 172.8 173 173.2 173.4 173.6 173.8 174 174.2 174.4 174.6 174.8 175 175.2 175.4 175.6 175.8 176 176.2 176.4 176.6 176.8 177 177.2 177.4 177.6 177.8 178 178.2 178.4 178.6 178.8 179 179.2 179.4 179.6 179.8 180]

RCS Theta (dBsm):
[-11.46336624129 -11.436414588184 -11.4719314023889 -11.5055688538735 -11.6038934152911 -11.6609755595752 -11.6990769393165 -11.6908480393055 -11.5788382558764 -11.3544710018059 -10.9906734295914 -10.518030959975 -9.94738508295396 -9.31531576732217 -8.65083773994716 -7.97548204295599 -7.30428757988772 -6.66002990903165 -6.05062040671191 -5.47773824416975 -4.95909959916033 -4.48072178600322 -4.04948237618845 -3.66365197079173 -3.32558426822019 -3.03608689701881 -2.79310293680506 -2.5953290815586 -2.44331620289476 -2.33593959897335 -2.27436283909028 -2.25436434233324 -2.27811369692911 -2.34519871907897 -2.45325908854213 -2.60166120274195 -2.78854862690714 -3.01045044507736 -3.26487103308014 -3.54557863384544 -3.84501893866056 -4.15461919407781 -4.45964516199676 -4.74595354131977 -4.99667900158541 -5.19470049979627 -5.32517015440795 -5.38004183334134 -5.35334847136018 -5.25225824813628 -5.08910457283364 -4.88054253441126 -4.64689406145739 -4.4023429563623 -4.16562981392679 -3.94737215678983 -3.75917466846258 -3.6098533779328 -3.5037414689917 -3.4499908818412 -3.44876902622328 -3.50502308911911 -3.61922378410955 -3.79365968727657 -4.02981585271829 -4.3231796313042 -4.6764213789247 -5.08138197284126 -5.52676145200323 -5.99831815920248 -6.47088307468682 -6.90810814497311 -7.27362426338721 -7.52343275054995 -7.62589459663465 -7.57109909923847 -7.37573102068174 -7.07125520021337 -6.71079758995339 -6.33977845969382 -5.98790707822075 -5.69219588901966 -5.44870773829553 -5.29201277631287 -5.19762527411383 -5.20203643100343 -5.33882031853286 -5.55723065972829 -5.91104594885653 -6.36941113908972 -6.94777067589373 -7.64564951838481 -8.42148249320039 -9.18987079925122 -9.84985493589643 -10.2136143055701 -10.1181170949405 -9.54090685926159 -8.66260644253598 -7.68269683513483 -6.70285510921696 -5.80317613043506 -5.01547032241279 -4.33739326470644 -3.80757987364453 -3.41216121467977 -3.14347934333121 -3.00633802810996 -2.97840437637114 -3.08141403084336 -3.31496026482246 -3.6735699084157 -4.17037923852498 -4.78056869311311 -5.48957023931448 -6.25131777096696 -6.9801346776233 -7.55300205458697 -7.84887922886707 -7.77288908226755 -7.36081602345494 -6.72819761313474 -6.01440901946184 -5.33755133474729 -4.74605021428086 -4.28663841293523 -3.96577632416521 -3.78902272543412 -3.76842749624945 -3.89852924600436 -4.17552552141918 -4.6015593040429 -5.15914934116408 -5.82172008954142 -6.52621732112558 -7.17846895147988 -7.64496934425902 -7.7758297756914 -7.53826665520733 -7.01919917637243 -6.36503460786093 -5.71072432771669 -5.14431569226752 -4.72017057446419 -4.45850262842397 -4.38357026782809 -4.50049172168721 -4.81730475604253 -5.33761537046833 -6.05382168897523 -6.93399199086085 -7.87670422734936 -8.62894801943266 -8.85209717643404 -8.37067520453467 -7.34515871194915 -6.12541187235542 -4.95383328622177 -3.93742059819303 -3.13294857692191 -2.53303223684086 -2.14106930633157 -1.95746895961859 -1.97950413421623 -2.21092581015313 -2.65312526284219 -3.302850227716 -4.15550831198928 -5.16695371587037 -6.18933613105827 -6.96822917977171 -7.16692994682371 -6.66517601814347 -5.70713165260705 -4.62878476296817 -3.64333929288806 -2.84188077859964 -2.25681499387014 -1.89280213802175 -1.75431787762012 -1.834959556741 -2.1318559454921 -2.63866567870374 -3.33987856037362 -4.19415751936587 -5.09502451433453 -5.85700804360648 -6.26101858004533 -6.15984920143349 -5.63975466817458 -4.9340511298412 -4.26583845180753 -3.75122790683735 -3.46181566238504 -3.42864029188821 -3.67323255680632 -4.22046029176869 -5.094982637981 -6.29208348934714 -7.74172220381161 -9.11577537663312 -9.67701389287875 -8.90775080077415 -7.3623368959197 -5.78533117878808 -4.47592443812619 -3.51296674623484 -2.89381207934956 -2.61735210538571 -2.67922557392692 -3.09546805683621 -3.89629356495456 -5.14356193503049 -6.90099959894517 -9.1417663052048 -11.1855187930533 -11.0736636388759 -8.83615488475695 -6.4360277572014 -4.52206221555957 -3.1173756384561 -2.15724036301121 -1.5839246190958 -1.35694817630203 -1.46233661015511 -1.89573797247255 -2.66011336814371 -3.75321073714501 -5.1179377043514 -6.54389310676463 -7.47849766416992 -7.33312393181825 -6.27306922775047 -4.96739070376127 -3.84554997346512 -3.04956665394997 -2.60549167580528 -2.52812463259015 -2.8178990114345 -3.49276673872843 -4.56823689215882 -6.03164528352802 -7.71974914173141 -8.98693091608119 -8.86070064360273 -7.48883260129646 -5.86561475026271 -4.5262687832434 -3.60936241041037 -3.13002251109719 -3.09323189038853 -3.52631171854279 -4.49310824220051 -6.15296431152692 -8.85944648600138 -13.6511617809459 -26.668941139391 -17.5857936721516 -10.6373056894345 -7.12323887287449 -5.00740379070388 -3.7271134653077 -3.08084420809969 -2.97681311458325 -3.41251409633482 -4.45236510813419 -6.27766771494492 -9.34584263705476 -15.1916066110985 -42.5136655556429 -14.5471931556342 -8.88417977340485 -5.80896961216801 -3.93329198562803 -2.82106716664385 -2.30030905098727 -2.29373046999233 -2.78377882267665 -3.79493998450296 -5.34699702032348 -7.34137579148163 -9.02190753862276 -8.78491354306991 -6.8437918511889 -4.79117632535274 -3.22442822606173 -2.20752056038891 -1.71200230961591 -1.72815614281261 -2.28896195031553 -3.49292052662563 -5.57737751967119 -9.14771818738387 -16.3713012354034 -19.7985464742082 -10.3036234250301 -5.88383587610446 -3.2661149029094 -1.62349905400363 -0.643910968455906 -0.187350826495917 -0.172851911426553 -0.565670814200977 -1.32168980054373 -2.34825438173758 -3.43840998570797 -4.19316714743493 -4.24266169636421 -3.67982392933114 -2.9569737912967 -2.43968730245099 -2.33017289364554 -2.7451885261299 -3.81499214901013 -5.73848012418598 -8.75801043169166 -11.8491274401414 -9.93508791516663 -5.97886522450705 -3.06149379911764 -1.12472476038271 0.0545958999740033 0.592352748774771 0.532280770213307 -0.134510408551063 -1.41540094334561 -3.08345801624515 -3.90291965321882 -2.3275183262524 0.385722186672054 2.82955514406471 4.70695964486185 6.04244745448096 6.88008906302607 7.24255687385015 7.10914229012765 6.40832734773815 4.96430277451759 2.35905566072815 -2.70945158814462 -17.3585027508893 -2.65468263722245 3.64857120225949 7.24778889420435 9.64093125301788 11.2938919479587 12.4054473674691 13.0694471091718 13.3255964137476 13.1770131581174 12.590291221497 11.4857639737624 9.70334941809963 6.93122185487627 2.72212826467417 -0.0972621157281484 4.32696658216132 8.47132958442894 11.2763539689788 13.198251276858 14.5047820539553 15.3331540766414 15.7544661514793 15.8000856420615 15.4724505244913 14.7466003860177 13.5651195647928 11.8269988458153 9.39200387128326 6.30290695702483 4.31310518652407 6.22339300944247 9.23098189567745 11.5855545431445 13.2458942283353 14.3539664747785 15.013084686749 15.283700232395 15.1949200574043 14.7519201223321 13.9366389785603 12.7034922090084 10.9702259476817 8.6087355476511 5.51286731359028 2.3524751956343 2.29756287536235 4.97203282457127 7.39844173675937 9.09159966218219 10.1750238724245 10.7727604231235 10.9643702264428 10.7962225829444 10.289306126696 9.44479593768251 8.24563449313939 6.65221160192074 4.58615529847243 1.90524930171625 -1.67492210790015 -6.79319769173582 -14.5953812646747 -14.0883420991703 -9.30173192028191 -7.07690712990925 -6.26060972189825 -6.3168420224295 -6.89168149255272 -7.45057549993021 -7.1402247191012 -5.59907646381613 -3.4321188765081 -1.26444708178325 0.677510222729792 2.34530573543973 3.75563856576333 4.92279757093234 5.85642721495343 6.5615893341067 7.03588122874046 7.26841912333352 7.23900054527188 6.91871219156687 6.25578863275998 5.16655563670859 3.50490727481453 1.00453143071954 -2.76729336469671 -6.53803445915289 -3.21508742539926 1.37745668744115 4.65664301477312 7.04713379640191 8.86206400253675 10.2770930619961 11.3981312425641 12.2950895651723 13.0179903273817 13.6050113607867 14.0864469914143 14.4865694371432 14.8244518213745 15.1141351836668 15.3647964100834 15.5810556457198 15.7636133052593 15.910151361134 16.0163377110122 16.0767437211264 16.0856108189213 16.039130844752 15.9294827117753 15.7491419481828 15.4982369066946 15.1692929495728 14.7567340774923 14.2543572249652 13.6550532610903 12.9508309109722 12.1311317465376 11.184780292935 10.0982780483695 8.8541159068832 7.43296510174232 5.81098520239466 3.96042164106378 1.85443058441603 -0.524662264049755 -3.12496178138122 -5.67781174965189 -7.44555616046717 -7.69652296729672 -6.79394791922413 -5.52818651195829 -4.26440365756165 -3.08711678717201 -2.01726632940031 -1.06501152020395 -0.256956477077147 0.390955464300123 0.856050152116471 1.1228084963998 1.17796278155065 1.00093840259833 0.570478166033842 -0.142939625982267 -1.18971977515026 -2.64143255207678 -4.623611964047 -7.35007191847597 -11.1772196801403 -15.5996539623125 -14.6253027441609 -10.6726811043269 -7.82976698723331 -5.96143829424936 -4.75202416521305 -4.02738472297843 -3.68681129686926 -3.66479225255343 -3.9210911578728 -4.43780063932809 -5.19904818468692 -6.19856385407057 -7.43760896506156 -8.92644347285182 -10.6948634447067 -12.7971466464731 -15.3302510344367 -18.5025837375814 -22.8648644425924 -30.0604186047632 -36.9856735274057 -27.9435314529625 -23.8898136334057 -21.8081531464151 -20.8189558276256 -20.6361202768246 -21.1303483350958 -22.1127645551937 -22.7807869102944 -21.6269964902204 -18.9177901360895 -16.0858382582672 -13.6817168996982 -11.7457956008852 -10.227525350481 -9.0769261699378 -8.24811998676859 -7.72592761097964 -7.49524069265183 -7.57447531768379 -7.98226445155189 -8.75901147128845 -9.99376836463562 -11.8411211166393 -14.6072002341616 -18.880369433144 -23.4272188304789 -19.4148278598593 -14.7655159203658 -11.6969103566138 -9.61474906978247 -8.17466184695013 -7.21651113580507 -6.64735607988694 -6.43152292114134 -6.54279863833109 -6.99475388690117 -7.81165889021326 -9.06043896607432 -10.8676648520917 -13.4817471964328 -17.4892539411821 -24.5303437468162 -26.3826816880903 -19.1549376385959 -15.3348148259865 -13.1113911433417 -11.7994908493451 -11.1192905812151 -10.9491047839675 -11.242538078776 -12.0127112563702 -13.3005111953261 -15.2356785741676 -18.0851815206845 -22.2862910595107 -27.1018921016835 -24.7346190216543 -20.6169184589251 -17.9899785518124 -16.4009252935737 -15.5484594966635 -15.264601669402 -15.4489035260789 -16.068262893828 -17.1317682084178 -18.6546356530368 -20.6457064906854 -23.0329162805852 -25.297119596167 -26.2352543026821 -25.3802117875331 -23.9828538324043 -22.8172353145233 -21.9633846186026 -21.359860780128 -20.9002385401319 -20.4789672436898 -20.0510209826865 -19.5529103084817 -19.0064111022992 -18.3986863304672 -17.6921755190691 -16.8886853224724 -16.011761826808 -15.0854459358852 -14.1542253894907 -13.282989958303 -12.5054169856923 -11.8722206204823 -11.4096180329432 -11.1373748314432 -11.0650608693478 -11.184768287138 -11.4860252279008 -11.9204163713968 -12.4034869547543 -12.7759732856107 -12.8668717741571 -12.5857298200213 -12.005745745721 -11.2799188584432 -10.5914893793395 -10.0472028677696 -9.72553412395774 -9.66142859719008 -9.88724172381579 -10.4395595567691 -11.3625776290998 -12.7133355916432 -14.5383507400149 -16.8145572741382 -18.8321407061929 -18.8880531647791 -17.0234509757722 -14.9491842782561 -13.3219057249932 -12.1924491797152 -11.5172147984634 -11.2563178960986 -11.3794583135789 -11.8874067798605 -12.7903162477245 -14.1425471304665 -16.0217328202479 -18.5479972602915 -21.7489232774539 -24.7483467131527 -24.6467045566043 -22.3385030409434 -20.2766128910453 -18.8244387015878 -17.802714543553 -16.9693381839985 -16.1299430304104 -15.1699872361371 -14.0838415606148 -12.9237204435486 -11.800153129509 -10.8097593261043 -9.98509279970762 -9.34957104740222 -8.90662981029526 -8.64505317678296 -8.53970075019269 -8.54804333572739 -8.60694685676984 -8.62818115239548 -8.51333896677778 -8.20562134243334 -7.6913797041516 -7.02905693466558 -6.30664871955468 -5.61186458505958 -4.99554929495429 -4.4962321592035 -4.1379260584517 -3.92776701608651 -3.86718654306593 -3.96010784267316 -4.19678292555083 -4.57018611955288 -5.06446356691402 -5.65798492495592 -6.30849139214589 -6.97521051495878 -7.6056237055803 -8.15140603612387 -8.59340920382787 -8.93860059321714 -9.22739646476118 -9.53966804876753 -9.92958544329336 -10.4702008397335 -11.2197958287816 -12.2293831491634 -13.5809487146542 -15.4193022837972 -17.9170405580941 -21.309736880773 -24.7732714889703 -23.6909532265489 -20.0538604870681 -17.122841390862 -14.9759595966825 -13.372909405738 -12.1578538600879 -11.2279988131968 -10.4858133609612 -9.89129559884662 -9.40389415454007 -8.9912025285003 -8.6249044636264 -8.28540208877143 -7.9688291275277 -7.66576937207458 -7.37903020546355 -7.11619552776921 -6.8764970252844 -6.67262087493556 -6.5137852167139 -6.40037862518991 -6.33935293281207 -6.33596632089695 -6.38772643038459 -6.49705430280026 -6.65999476917904 -6.86912165752732 -7.12634496684487 -7.42161402451766 -7.73828148381134 -8.06651839944163 -8.37863648373678 -8.66329197385109 -8.89632798244392 -9.06081039566131 -9.16995246293802 -9.19320911305334 -9.14412907058611 -9.07211687357165 -8.97423691980132 -8.86676623105519 -8.76105205174393 -8.68199731710169 -8.61659063254132 -8.56512340188276 -8.55470975363468 -8.57152296805778 -8.63692585830069 -8.75321002728142 -8.93470137681287 -9.19298632209523 -9.54395484571654 -10.0243041342019 -10.6603528162558 -11.5147561970038 -12.6484471102079 -14.1791248565776 -16.3045293177768 -19.4236418880622 -24.0955790639742 -26.2387874469457 -20.8398952580675 -16.486056240756 -13.4387436466418 -11.143282235651 -9.3622267618066 -7.92501375504106 -6.76352203908179 -5.8219956582581 -5.06965927737973 -4.47780946967139 -4.03617474498479 -3.72137307834941 -3.52665795044562 -3.4476467943711 -3.48321458942753 -3.63125311860049 -3.884586245696 -4.24214630332591 -4.73038997782212 -5.34034771534946 -6.08340233027695 -6.97377115310184 -8.03272205131964 -9.29456765238306 -10.7561635706782 -12.3097162116325 -13.6982432944324 -14.3050580189015 -13.6527754691505 -12.1021526167553 -10.2798826460052 -8.57878869171938 -7.04580689842323 -5.70684059818713 -4.53391853077855 -3.51121616295642 -2.64188452077982 -1.91567152888879 -1.30390181805375 -0.803652035024904 -0.406105498735087 -0.114625433114065 0.0587814963685931 0.128477179149202 0.0829546060143714 -0.085154241619767 -0.379138070534097 -0.824630679641529 -1.42473073383943 -2.20429907712156 -3.17457575529767 -4.34485776074315 -5.64517845814001 -6.83387472998847 -7.38338439466185 -6.79147495162375 -5.27491602258981 -3.44176223574396 -1.66389726953087 -0.0565531053226861 1.35997751322487 2.60076483618789 3.68660456488886 4.63669436006353 5.4672838421818 6.19109161582486 6.81686087557383 7.3538855750313 7.80801120294261 8.1829374845777 8.48136163285058 8.70500175755857 8.85454975153067 8.92900612864339 8.92658450210455 8.84347591352486 8.6751579884355 8.41404419799502 8.05036880203256 7.57055380844342 6.95711127383402 6.1847027952184 5.21794002126685 4.0046019018172 2.47001988584106 0.511846043433842 -1.95282380556152 -4.56562921795321 -5.1956309872992 -2.71691740163818 0.33476047365613 2.9281522052582 5.04817229634841 6.80423007879155 8.2842147728758 9.55018722860281 10.6449909892525 11.5991033306915 12.433617554455 13.1651150115832 13.805757979003 14.3650117343258 14.8501863439563 15.2671728901729 15.6206706406095 15.9144965899292 16.1518350490888 16.335238626778 16.4672031983516 16.5495330658156 16.5846483047378 16.5749230503085 16.5232151144641 16.4330370457372 16.308773854679 16.1567122141331 15.984776703517 15.8039723700519 15.6277964437085 15.4717077679788 15.3547350324273 15.2966293056621 15.3135102605988 15.4175550930908 15.6126431705428 15.8950144807508 16.2520852101006 16.6669438565967 17.1217689212378 17.5983509188977 18.0814251480774 18.5578821505815 19.0188879001754 19.4571389172661 19.8670958650455 20.2459200437577 20.5911573319646 20.9015060258093 21.1760011010368 21.4140154579486 21.6152732177992 21.7801749157026 21.9087725764894 21.9994399052241 22.0611458004008 22.0727252801117]

Phi (deg):
[90 90 90 90 90 90 90 90 90 90 90 90 90 90 90 90 90 90 90 90 90 90 90 90 90 90 90 90 90 90 90 90 90 90 90 90 90 90 90 90 90 90 90 90 90 90 90 90 90 90 90 90 90 90 90 90 90 90 90 90 90 90 90 90 90 90 90 90 90 90 90 90 90 90 90 90 90 90 90 90 90 90 90 90 90 90 90 90 90 90 90 90 90 90 90 90 90 90 90 90 90 90 90 90 90 90 90 90 90 90 90 90 90 90 90 90 90 90 90 90 90 90 90 90 90 90 90 90 90 90 90 90 90 90 90 90 90 90 90 90 90 90 90 90 90 90 90 90 90 90 90 90 90 90 90 90 90 90 90 90 90 90 90 90 90 90 90 90 90 90 90 90 90 90 90 90 90 90 90 90 90 90 90 90 90 90 90 90 90 90 90 90 90 90 90 90 90 90 90 90 90 90 90 90 90 90 90 90 90 90 90 90 90 90 90 90 90 90 90 90 90 90 90 90 90 90 90 90 90 90 90 90 90 90 90 90 90 90 90 90 90 90 90 90 90 90 90 90 90 90 90 90 90 90 90 90 90 90 90 90 90 90 90 90 90 90 90 90 90 90 90 90 90 90 90 90 90 90 90 90 90 90 90 90 90 90 90 90 90 90 90 90 90 90 90 90 90 90 90 90 90 90 90 90 90 90 90 90 90 90 90 90 90 90 90 90 90 90 90 90 90 90 90 90 90 90 90 90 90 90 90 90 90 90 90 90 90 90 90 90 90 90 90 90 90 90 90 90 90 90 90 90 90 90 90 90 90 90 90 90 90 90 90 90 90 90 90 90 90 90 90 90 90 90 90 90 90 90 90 90 90 90 90 90 90 90 90 90 90 90 90 90 90 90 90 90 90 90 90 90 90 90 90 90 90 90 90 90 90 90 90 90 90 90 90 90 90 90 90 90 90 90 90 90 90 90 90 90 90 90 90 90 90 90 90 90 90 90 90 90 90 90 90 90 90 90 90 90 90 90 90 90 90 90 90 90 90 90 90 90 90 90 90 90 90 90 90 90 90 90 90 90 90 90 90 90 90 90 90 90 90 90 90 90 90 90 90 90 90 90 90 90 90 90 90 90 90 90 90 90 90 90 90 90 90 90 90 90 90 90 90 90 90 90 90 90 90 90 90 90 90 90 90 90 90 90 90 90 90 90 90 90 90 90 90 90 90 90 90 90 90 90 90 90 90 90 90 90 90 90 90 90 90 90 90 90 90 90 90 90 90 90 90 90 90 90 90 90 90 90 90 90 90 90 90 90 90 90 90 90 90 90 90 90 90 90 90 90 90 90 90 90 90 90 90 90 90 90 90 90 90 90 90 90 90 90 90 90 90 90 90 90 90 90 90 90 90 90 90 90 90 90 90 90 90 90 90 90 90 90 90 90 90 90 90 90 90 90 90 90 90 90 90 90 90 90 90 90 90 90 90 90 90 90 90 90 90 90 90 90 90 90 90 90 90 90 90 90 90 90 90 90 90 90 90 90 90 90 90 90 90 90 90 90 90 90 90 90 90 90 90 90 90 90 90 90 90 90 90 90 90 90 90 90 90 90 90 90 90 90 90 90 90 90 90 90 90 90 90 90 90 90 90 90 90 90 90 90 90 90 90 90 90 90 90 90 90 90 90 90 90 90 90 90 90 90 90 90 90 90 90 90 90 90 90 90 90 90 90 90 90 90 90 90 90 90 90 90 90 90 90 90 90 90 90 90 90 90 90 90 90 90 90 90 90 90 90 90 90 90 90 90 90 90 90 90 90 90 90 90 90 90 90 90 90 90 90 90 90 90 90 90 90 90 90 90 90 90 90 90 90 90 90 90 90 90 90 90 90 90 90 90 90 90 90 90 90 90 90 90 90 90 90 90 90 90 90 90 90 90 90 90 90 90 90 90 90 90 90 90 90 90 90 90 90 90 90 90 90 90 90 90 90 90 90 90 90 90 90 90 90 90 90 90 90 90 90 90 90 90 90 90 90 90 90 90 90 90 90 90 90]

RCS Phi (dBsm):
[-100 -100 -100 -100 -100 -100 -100 -100 -100 -100 -100 -100 -100 -100 -100 -100 -100 -100 -100 -100 -100 -100 -100 -100 -100 -100 -100 -100 -100 -100 -100 -100 -100 -100 -100 -100 -100 -100 -100 -100 -100 -100 -100 -100 -100 -100 -100 -100 -100 -100 -100 -100 -100 -100 -100 -100 -100 -100 -100 -100 -100 -100 -100 -100 -100 -100 -100 -100 -100 -100 -100 -100 -100 -100 -100 -100 -100 -100 -100 -100 -100 -100 -100 -100 -100 -100 -100 -100 -100 -100 -100 -100 -100 -100 -100 -100 -100 -100 -100 -100 -100 -100 -100 -100 -100 -100 -100 -100 -100 -100 -100 -100 -100 -100 -100 -100 -100 -100 -100 -100 -100 -100 -100 -100 -100 -100 -100 -100 -100 -100 -100 -100 -100 -100 -100 -100 -100 -100 -100 -100 -100 -100 -100 -100 -100 -100 -100 -100 -100 -100 -100 -100 -100 -100 -100 -100 -100 -100 -100 -100 -100 -100 -100 -100 -100 -100 -100 -100 -100 -100 -100 -100 -100 -100 -100 -100 -100 -100 -100 -100 -100 -100 -100 -100 -100 -100 -100 -100 -100 -100 -100 -100 -100 -100 -100 -100 -100 -100 -100 -100 -100 -100 -100 -100 -100 -100 -100 -100 -100 -100 -100 -100 -100 -100 -100 -100 -100 -100 -100 -100 -100 -100 -100 -100 -100 -100 -100 -100 -100 -100 -100 -100 -100 -100 -100 -100 -100 -100 -100 -100 -100 -100 -100 -100 -100 -100 -100 -100 -100 -100 -100 -100 -100 -100 -100 -100 -100 -100 -100 -100 -100 -100 -100 -100 -100 -100 -100 -100 -100 -100 -100 -100 -100 -100 -100 -100 -100 -100 -100 -100 -100 -100 -100 -100 -100 -100 -100 -100 -100 -100 -100 -100 -100 -100 -100 -100 -100 -100 -100 -100 -100 -100 -100 -100 -100 -100 -100 -100 -100 -100 -100 -100 -100 -100 -100 -100 -100 -100 -100 -100 -100 -100 -100 -100 -100 -100 -100 -100 -100 -100 -100 -100 -100 -100 -100 -100 -100 -100 -100 -100 -100 -100 -100 -100 -100 -100 -100 -100 -100 -100 -100 -100 -100 -100 -99.9999999999999 -99.9999999999999 -100 -100 -100 -100 -100 -100 -100 -100 -100 -99.9999999999999 -99.9999999999999 -99.9999999999998 -99.9999999999999 -100 -100 -100 -100 -100 -100 -100 -100 -100 -100 -100 -100 -100 -100 -100 -100 -100 -100 -100 -100 -100 -100 -100 -100 -100 -100 -100 -100 -100 -100 -100 -100 -100 -100 -100 -100 -100 -100 -100 -100 -100 -100 -100 -100 -100 -100 -100 -100 -99.9999999999998 -99.9999999999999 -99.9999999999999 -99.9999999999999 -99.9999999999999 -100 -100 -100 -100 -100 -100 -100 -100 -100 -100 -100 -100 -100 -100 -100 -100 -100 -100 -100 -100 -100 -100 -100 -100 -100 -100 -100 -100 -100 -99.9999999999175 -99.9999999999188 -99.9999999999844 -99.9999999999847 -99.9999999999851 -99.9999999999854 -99.9999999999857 -99.9999999999859 -99.999999999986 -99.9999999999861 -99.9999999999861 -99.9999999999863 -99.9999999999865 -99.9999999999868 -99.999999999986 -99.9999999999878 -99.9999999999881 -99.999999999988 -99.9999999999889 -99.9999999999887 -99.9999999999894 -99.9999999999893 -99.99999999999 -99.999999999991 -99.9999999999917 -99.9999999999925 -99.9999999999919 -99.9999999999916 -99.9999999999917 -99.9999999999922 -99.9999999999925 -99.9999999999931 -99.999999999994 -99.9999999999944 -99.9999999999938 -99.9999999999939 -99.9999999999943 -99.9999999999942 -99.9999999999941 -99.9999999999939 -99.9999999999939 -99.9999999999941 -99.999999999994 -99.9999999999939 -99.9999999999939 -99.9999999999939 -99.9999999999934 -99.9999999999933 -99.9999999999932 -99.9999999999934 -99.9999999999939 -99.9999999999939 -99.9999999999938 -99.9999999999942 -99.9999999999934 -99.9999999999934 -99.9999999999932 -99.9999999999932 -99.9999999999932 -99.9999999999934 -99.9999999999938 -99.999999999994 -99.9999999999943 -99.9999999999946 -99.9999999999948 -99.9999999999949 -99.9999999999951 -99.9999999999953 -99.9999999999963 -99.9999999999959 -99.9999999999965 -99.9999999999969 -99.9999999999974 -99.9999999999979 -99.9999999999983 -99.9999999999986 -99.9999999999988 -99.999999999999 -99.9999999999992 -99.9999999999994 -99.9999999999995 -99.9999999999994 -99.9999999999996 -99.9999999999996 -99.9999999999997 -99.9999999999996 -99.9999999999993 -99.999999999999 -99.9999999999986 -99.9999999999982 -99.9999999999976 -99.9999999999974 -99.9999999999966 -99.9999999999957 -99.999999999995 -99.9999999999943 -99.9999999999939 -99.9999999999935 -99.999999999993 -99.9999999999923 -99.9999999999916 -99.9999999999907 -99.9999999999898 -99.9999999999893 -99.9999999999891 -99.9999999999898 -99.9999999999898 -99.9999999999896 -99.9999999999893 -99.9999999999893 -99.9999999999887 -99.9999999999898 -99.9999999999909 -99.9999999999913 -99.999999999992 -99.9999999999924 -99.9999999999932 -99.9999999999939 -99.9999999999949 -99.9999999999958 -99.9999999999966 -99.9999999999973 -99.9999999999979 -99.9999999999983 -99.9999999999987 -99.999999999999 -99.999999999999 -99.9999999999991 -99.9999999999988 -99.9999999999984 -99.999999999998 -99.9999999999973 -99.9999999999963 -99.9999999999951 -99.9999999999936 -99.9999999999918 -99.99999999999 -99.9999999999885 -99.9999999999867 -99.9999999999849 -99.9999999999826 -99.9999999999787 -99.9999999999775 -99.9999999999753 -99.9999999999732 -99.9999999999708 -99.9999999999689 -99.9999999999666 -99.9999999999642 -99.9999999999623 -99.9999999999604 -99.9999999999588 -99.9999999999589 -99.9999999999573 -99.9999999999558 -99.9999999999553 -99.9999999999554 -99.9999999999567 -99.999999999957 -99.9999999999578 -99.9999999999586 -99.999999999959 -99.9999999999588 -99.9999999999601 -99.9999999999628 -99.9999999999642 -99.9999999999652 -99.9999999999664 -99.999999999967 -99.9999999999691 -99.9999999999707 -99.9999999999723 -99.9999999999724 -99.9999999999742 -99.9999999999752 -99.9999999999763 -99.9999999999778 -99.99999999998 -99.9999999999804 -99.9999999999821 -99.9999999999826 -99.999999999984 -99.9999999999852 -99.9999999999865 -99.999999999988 -99.9999999999897 -99.999999999991 -99.9999999999926 -99.9999999999938 -99.9999999999953 -99.9999999999967 -99.9999999999976 -99.9999999999986 -99.9999999999992 -99.9999999999997 -99.9999999999997 -99.9999999999994 -99.9999999999983 -99.9999999999971 -99.9999999999958 -99.9999999999933 -99.9999999999905 -99.9999999999871 -99.9999999999831 -99.9999999999785 -99.9999999999735 -99.9999999999678 -99.9999999999619 -99.9999999999556 -99.9999999999484 -99.9999999999416 -99.999999999934 -99.9999999999271 -99.9999999999196 -99.9999999999123 -99.9999999999086 -99.9999999999013 -99.9999999998961 -99.9999999998927 -99.9999999998893 -99.9999999998869 -99.9999999998863 -99.9999999998851 -99.9999999998866 -99.9999999998893 -99.9999999998925 -99.999999999897 -99.9999999999029 -99.99999999991 -99.9999999999161 -99.9999999999234 -99.999999999932 -99.9999999999403 -99.9999999999495 -99.9999999999575 -99.999999999964 -99.9999999999718 -99.9999999999787 -99.9999999999847 -99.9999999999894 -99.9999999999934 -99.9999999999966 -99.9999999999988 -99.9999999999999 -99.9999999999998 -99.9999999999987 -99.9999999999966 -99.9999999999932 -99.9999999999895 -99.9999999999852 -99.9999999999809 -99.9999999999771 -99.9999999999717 -99.9999999999665 -99.9999999999611 -99.9999999999574 -99.9999999999531 -99.9999999999488 -99.9999999999463 -99.9999999999448 -99.9999999999435 -99.999999999943 -99.9999999999432 -99.9999999999425 -99.9999999999446 -99.9999999999465 -99.9999999999499 -99.9999999999545 -99.9999999999588 -99.9999999999615 -99.9999999999653 -99.999999999969 -99.9999999999726 -99.9999999999752 -99.9999999999764 -99.9999999999785 -99.9999999999799 -99.9999999999803 -99.9999999999806 -99.9999999999812 -99.9999999999819 -99.9999999999813 -99.9999999999806 -99.9999999999795 -99.9999999999782 -99.9999999999782 -99.9999999999778 -99.9999999999782 -99.9999999999781 -99.999999999979 -99.9999999999796 -99.9999999999809 -99.9999999999824 -99.9999999999839 -99.9999999999864 -99.9999999999889 -99.9999999999918 -99.9999999999938 -99.9999999999959 -99.9999999999977 -99.9999999999991 -99.9999999999997 -99.9999999999997 -99.9999999999993 -99.9999999999982 -99.9999999999963 -99.999999999994 -99.9999999999915 -99.9999999999881 -99.9999999999853 -99.9999999999809 -99.9999999999761 -99.9999999999733 -99.999999999969 -99.9999999999669 -99.9999999999662 -99.9999999999648 -99.9999999999623 -99.9999999999615 -99.9999999999637 -99.9999999999648 -99.999999999968 -99.999999999971 -99.9999999999742 -99.9999999999784 -99.9999999999835 -99.999999999987 -99.9999999999914 -99.9999999999935 -99.9999999999951 -99.9999999999967 -99.9999999999972 -99.9999999999968 -99.9999999999954 -99.9999999999931 -99.999999999989 -99.9999999999849 -99.9999999999801 -99.9999999999726 -99.9999999999677 -99.9999999999622 -99.9999999999572 -99.9999999999523 -99.9999999999471 -99.9999999999446 -99.9999999999427 -99.9999999999432 -99.999999999946 -99.9999999999476 -99.999999999951 -99.9999999999563 -99.9999999999628 -99.9999999999679 -99.9999999999748 -99.9999999999815 -99.9999999999863 -99.9999999999898 -99.9999999999934 -99.9999999999941 -99.9999999999932 -99.9999999999894 -99.9999999999833 -99.999999999974 -99.9999999999632 -99.9999999999496 -99.9999999999336 -99.9999999999169 -99.9999999998983 -99.9999999998793 -99.9999999998602 -99.9999999998426 -99.9999999998257 -99.9999999998105 -99.9999999997977 -99.999999999788 -99.9999999997817 -99.9999999997792 -99.9999999997807 -99.9999999997863 -99.9999999997956 -99.9999999998087 -99.999999999825 -99.9999999998436 -99.9999999998639 -99.9999999998852 -99.9999999999068 -99.9999999999278 -99.999999999947 -99.9999999999638 -99.9999999999776 -99.9999999999875 -99.9999999999932 -99.9999999999942 -99.9999999999904 -99.9999999999818 -99.9999999999686 -99.9999999999509 -99.9999999999295 -99.9999999999049 -99.9999999998781 -99.9999999998498 -99.999999999821 -99.9999999997927 -99.9999999997654 -99.9999999997403 -99.999999999718 -99.9999999996995 -99.9999999996849 -99.9999999996747 -99.9999999996692 -99.999999999668 -99.9999999996715 -99.9999999996791 -99.9999999996907 -99.9999999997054 -99.9999999997228 -99.9999999997417 -99.9999999997625 -99.9999999997833 -99.9999999998038 -99.9999999998238 -99.999999999842 -99.9999999998587 -99.9999999998734 -99.9999999998859 -99.9999999998961 -99.9999999999041 -99.99999999991 -99.9999999999142 -99.9999999999169 -99.9999999999186 -99.9999999999196 -99.9999999999204 -99.9999999999214 -99.9999999999228 -99.9999999999251 -99.9999999999283 -99.9999999999324 -99.9999999999376 -99.9999999999438 -99.9999999999508 -99.9999999999582 -99.9999999999659 -99.9999999999736 -99.9999999999808 -99.9999999999872 -99.9999999999926 -99.9999999999966 -99.9999999999991 -100]
