# 3D Scattering Centers from SAR Imaging
# Model: rocket
# Center angles (deg): 30   45   60   75   90  105  120
# Sub-aperture: 10.0 deg
# Window: kaiser, CLEAN: maxIter=50, thresh=0.05, gain=0.50
# Total centers: 350
# Phase convention corrected: P_3d = -r*k_hat - x*k_perp
#
# Columns: x(m)  y(m)  z(m)  amplitude  source_theta(deg)
  0.727607  0.000000  2.538836  2.763133e-04  30.0
  0.675220  0.000000  2.554648  3.357972e-04  30.0
  0.622833  0.000000  2.570460  3.425516e-04  30.0
  0.570446  0.000000  2.586272  3.299870e-04  30.0
  0.779994  0.000000  2.523024  3.128033e-04  30.0
  0.518059  0.000000  2.602084  3.039307e-04  30.0
  0.872268  0.000000  2.469750  3.014956e-04  30.0
  0.681470  0.000000  2.565473  2.847495e-04  30.0
  0.773744  0.000000  2.512199  3.347517e-04  30.0
  0.589196  0.000000  2.618748  3.247765e-04  30.0
  0.536809  0.000000  2.634560  3.072803e-04  30.0
  0.484422  0.000000  2.650371  3.047457e-04  30.0
  0.629083  0.000000  2.581285  2.910124e-04  30.0
  0.681470  0.000000  2.565473  3.571691e-04  30.0
  0.576696  0.000000  2.597097  3.181734e-04  30.0
  0.629083  0.000000  2.581285  3.190127e-04  30.0
  0.721357  0.000000  2.528011  3.062931e-04  30.0
  0.813631  0.000000  2.474737  3.331040e-04  30.0
  0.905904  0.000000  2.421462  3.329236e-04  30.0
  0.761244  0.000000  2.490548  2.966870e-04  30.0
  0.668970  0.000000  2.543823  3.312099e-04  30.0
  0.853518  0.000000  2.437274  3.252199e-04  30.0
  0.536809  0.000000  2.634560  3.106928e-04  30.0
  0.761244  0.000000  2.490548  3.209390e-04  30.0
  0.715107  0.000000  2.517186  3.017360e-04  30.0
  0.807381  0.000000  2.463911  3.431577e-04  30.0
  0.622833  0.000000  2.570460  3.525972e-04  30.0
  0.570446  0.000000  2.586272  3.108786e-04  30.0
  0.715107  0.000000  2.517186  3.002692e-04  30.0
  0.662720  0.000000  2.532997  3.569789e-04  30.0
  0.490672  0.000000  2.661197  2.943581e-04  30.0
  0.629083  0.000000  2.581285  2.875113e-04  30.0
  0.576696  0.000000  2.597097  3.364563e-04  30.0
  0.484422  0.000000  2.650371  3.302818e-04  30.0
  0.754994  0.000000  2.479723  2.906983e-04  30.0
  0.668970  0.000000  2.543823  3.055270e-04  30.0
  0.576696  0.000000  2.597097  3.292029e-04  30.0
  0.721357  0.000000  2.528011  3.208094e-04  30.0
  0.668970  0.000000  2.543823  3.145329e-04  30.0
  0.761244  0.000000  2.490548  3.107122e-04  30.0
  0.813631  0.000000  2.474737  3.521847e-04  30.0
  0.847268  0.000000  2.426449  2.935570e-04  30.0
  0.859768  0.000000  2.448099  2.877583e-04  30.0
  0.767494  0.000000  2.501374  3.018512e-04  30.0
  0.675220  0.000000  2.554648  3.373924e-04  30.0
  0.582946  0.000000  2.607922  3.569171e-04  30.0
  0.530559  0.000000  2.623734  2.871938e-04  30.0
  0.622833  0.000000  2.570460  2.969571e-04  30.0
  0.715107  0.000000  2.517186  3.523849e-04  30.0
  0.807381  0.000000  2.463911  3.260595e-04  30.0
  0.842208  0.000000  2.198351  1.854600e-04  45.0
  0.795698  0.000000  2.227183  2.262944e-04  45.0
  0.749189  0.000000  2.256015  2.287676e-04  45.0
  0.888717  0.000000  2.169519  2.216490e-04  45.0
  0.964059  0.000000  2.094178  2.196460e-04  45.0
  1.039400  0.000000  2.018837  2.287325e-04  45.0
  1.114741  0.000000  1.943496  2.132818e-04  45.0
  0.813376  0.000000  2.244861  2.042145e-04  45.0
  0.888717  0.000000  2.169519  2.102199e-04  45.0
  0.964059  0.000000  2.094178  2.205719e-04  45.0
  1.039400  0.000000  2.018837  2.131100e-04  45.0
  0.879878  0.000000  2.160681  2.040448e-04  45.0
  0.955220  0.000000  2.085339  2.276591e-04  45.0
  0.804537  0.000000  2.236022  2.439099e-04  45.0
  0.879878  0.000000  2.160681  2.105067e-04  45.0
  1.021722  0.000000  2.001159  2.126236e-04  45.0
  0.946381  0.000000  2.076501  2.241182e-04  45.0
  0.899871  0.000000  2.105332  2.324370e-04  45.0
  0.975213  0.000000  2.029991  2.250237e-04  45.0
  0.824530  0.000000  2.180674  2.427919e-04  45.0
  0.758028  0.000000  2.264854  2.287194e-04  45.0
  0.899871  0.000000  2.105332  2.342300e-04  45.0
  0.833369  0.000000  2.189512  2.536624e-04  45.0
  1.050554  0.000000  1.954650  2.209115e-04  45.0
  0.975213  0.000000  2.029991  2.472500e-04  45.0
  0.908710  0.000000  2.114171  2.279778e-04  45.0
  1.097064  0.000000  1.925818  2.142178e-04  45.0
  1.021722  0.000000  2.001159  2.454298e-04  45.0
  0.946381  0.000000  2.076501  2.182843e-04  45.0
  0.871040  0.000000  2.151842  2.341101e-04  45.0
  0.795698  0.000000  2.227183  2.324109e-04  45.0
  0.749189  0.000000  2.256015  2.153949e-04  45.0
  0.824530  0.000000  2.180674  2.130382e-04  45.0
  0.899871  0.000000  2.105332  2.330186e-04  45.0
  0.975213  0.000000  2.029991  2.218609e-04  45.0
  1.050554  0.000000  1.954650  2.344604e-04  45.0
  1.125895  0.000000  1.879308  2.117071e-04  45.0
  0.928703  0.000000  2.058823  1.955233e-04  45.0
  0.975213  0.000000  2.029991  2.228051e-04  45.0
  1.050554  0.000000  1.954650  2.172146e-04  45.0
  0.899871  0.000000  2.105332  2.228812e-04  45.0
  0.853362  0.000000  2.134164  2.425620e-04  45.0
  1.004045  0.000000  1.983482  2.341753e-04  45.0
  0.928703  0.000000  2.058823  2.192336e-04  45.0
  0.882194  0.000000  2.087655  2.217447e-04  45.0
  0.806853  0.000000  2.162996  2.348116e-04  45.0
  0.966374  0.000000  2.021152  2.166058e-04  45.0
  0.891033  0.000000  2.096494  2.112493e-04  45.0
  0.815691  0.000000  2.171835  2.403797e-04  45.0
  0.769182  0.000000  2.200667  2.171439e-04  45.0
  0.432160  0.000000  0.126476  2.127666e-04  60.0
  0.458798  0.000000  0.080339  2.416611e-04  60.0
  0.421335  0.000000  0.120226  2.084229e-04  60.0
  0.798771  0.000000  1.691489  1.904081e-04  60.0
  0.836233  0.000000  1.651602  2.272469e-04  60.0
  0.873696  0.000000  1.611715  2.162030e-04  60.0
  0.926970  0.000000  1.519441  2.056908e-04  60.0
  0.820421  0.000000  1.703989  2.140626e-04  60.0
  0.873696  0.000000  1.611715  2.018647e-04  60.0
  0.911158  0.000000  1.571828  2.061871e-04  60.0
  0.964432  0.000000  1.479554  2.192038e-04  60.0
  0.857884  0.000000  1.664102  2.353595e-04  60.0
  0.900333  0.000000  1.565578  2.069279e-04  60.0
  0.937795  0.000000  1.525691  1.916414e-04  60.0
  0.895346  0.000000  1.624215  2.112752e-04  60.0
  0.991070  0.000000  1.433417  2.170711e-04  60.0
  0.831247  0.000000  1.710239  2.095641e-04  60.0
  0.868709  0.000000  1.670352  2.063811e-04  60.0
  0.932809  0.000000  1.584328  2.113428e-04  60.0
  0.986083  0.000000  1.492054  2.027554e-04  60.0
  1.028532  0.000000  1.393530  2.036400e-04  60.0
  0.964432  0.000000  1.479554  1.997489e-04  60.0
  0.921983  0.000000  1.578078  2.148395e-04  60.0
  0.868709  0.000000  1.670352  1.928188e-04  60.0
  0.862870  0.000000  1.605465  1.935700e-04  60.0
  0.825408  0.000000  1.645352  2.023617e-04  60.0
  0.867857  0.000000  1.546828  1.984209e-04  60.0
  0.905319  0.000000  1.506941  2.134630e-04  60.0
  0.911158  0.000000  1.571828  2.012198e-04  60.0
  0.948621  0.000000  1.531941  2.031914e-04  60.0
  0.942782  0.000000  1.467054  2.044166e-04  60.0
  0.842072  0.000000  1.716489  1.989381e-04  60.0
  0.895346  0.000000  1.624215  2.214288e-04  60.0
  0.889507  0.000000  1.559328  2.113752e-04  60.0
  0.852045  0.000000  1.599215  2.039309e-04  60.0
  0.991070  0.000000  1.433417  1.928103e-04  60.0
  0.937795  0.000000  1.525691  2.162449e-04  60.0
  0.798771  0.000000  1.691489  1.910625e-04  60.0
  0.825408  0.000000  1.645352  2.061746e-04  60.0
  0.787945  0.000000  1.685239  1.952315e-04  60.0
  0.830394  0.000000  1.586715  1.969090e-04  60.0
  0.867857  0.000000  1.546828  2.088411e-04  60.0
  0.873696  0.000000  1.611715  2.147776e-04  60.0
  0.916145  0.000000  1.513191  2.128183e-04  60.0
  0.831247  0.000000  1.710239  2.005911e-04  60.0
  0.825408  0.000000  1.645352  1.991399e-04  60.0
  0.862870  0.000000  1.605465  2.094938e-04  60.0
  0.868709  0.000000  1.670352  2.043224e-04  60.0
  0.900333  0.000000  1.565578  2.006957e-04  60.0
  0.953607  0.000000  1.473304  2.020819e-04  60.0
  0.527757  0.000000  -0.134356  4.397552e-03  75.0
  0.553619  0.000000  -0.182580  4.799892e-03  75.0
  0.500180  0.000000  -0.031438  4.467303e-03  75.0
  0.581196  0.000000  -0.285498  4.411383e-03  75.0
  0.526043  0.000000  -0.079662  4.069152e-03  75.0
  0.555334  0.000000  -0.237274  4.059941e-03  75.0
  0.608773  0.000000  -0.388416  3.853187e-03  75.0
  0.486392  0.000000  0.020021  3.798590e-03  75.0
  0.513968  0.000000  -0.082897  3.843533e-03  75.0
  0.581196  0.000000  -0.285498  3.699567e-03  75.0
  0.553619  0.000000  -0.182580  3.896192e-03  75.0
  0.636350  0.000000  -0.491335  3.452486e-03  75.0
  0.527757  0.000000  -0.134356  3.344437e-03  75.0
  0.500180  0.000000  -0.031438  3.206586e-03  75.0
  0.472603  0.000000  0.071480  3.687419e-03  75.0
  0.608773  0.000000  -0.388416  3.198672e-03  75.0
  0.582911  0.000000  -0.340193  3.696195e-03  75.0
  0.555334  0.000000  -0.237274  3.291535e-03  75.0
  0.581196  0.000000  -0.285498  3.064569e-03  75.0
  0.620847  0.000000  -0.385181  3.226844e-03  75.0
  0.648424  0.000000  -0.488099  3.586507e-03  75.0
  0.608773  0.000000  -0.388416  3.271990e-03  75.0
  0.498466  0.000000  0.023256  3.196220e-03  75.0
  0.526043  0.000000  -0.079662  3.298590e-03  75.0
  0.486392  0.000000  0.020021  2.960938e-03  75.0
  0.458815  0.000000  0.122939  3.162441e-03  75.0
  0.553619  0.000000  -0.182580  3.005291e-03  75.0
  0.513968  0.000000  -0.082897  3.386726e-03  75.0
  0.581196  0.000000  -0.285498  3.227460e-03  75.0
  0.541545  0.000000  -0.185815  3.243123e-03  75.0
  0.486392  0.000000  0.020021  3.141784e-03  75.0
  0.512254  0.000000  -0.028203  3.248374e-03  75.0
  0.622561  0.000000  -0.439875  2.904650e-03  75.0
  0.650138  0.000000  -0.542794  3.018201e-03  75.0
  0.676001  0.000000  -0.591017  3.402397e-03  75.0
  0.594985  0.000000  -0.336957  2.927953e-03  75.0
  0.567408  0.000000  -0.234039  3.165813e-03  75.0
  0.634635  0.000000  -0.436640  3.017040e-03  75.0
  0.607059  0.000000  -0.333722  3.064195e-03  75.0
  0.539831  0.000000  -0.131121  2.868029e-03  75.0
  0.513968  0.000000  -0.082897  2.963454e-03  75.0
  0.486392  0.000000  0.020021  3.073757e-03  75.0
  0.458815  0.000000  0.122939  3.074302e-03  75.0
  0.484677  0.000000  0.074715  2.793562e-03  75.0
  0.512254  0.000000  -0.028203  2.937864e-03  75.0
  0.581196  0.000000  -0.285498  2.906277e-03  75.0
  0.553619  0.000000  -0.182580  3.308124e-03  75.0
  0.662212  0.000000  -0.539558  2.828851e-03  75.0
  0.622561  0.000000  -0.439875  3.122463e-03  75.0
  0.594985  0.000000  -0.336957  2.856832e-03  75.0
  0.500000  0.000000  0.159823  4.536545e-03  90.0
  0.500000  0.000000  0.266372  5.555072e-03  90.0
  0.500000  0.000000  0.372920  6.191048e-03  90.0
  0.500000  0.000000  0.479469  6.233533e-03  90.0
  0.500000  0.000000  0.586018  5.766051e-03  90.0
  0.500000  0.000000  0.692567  5.117585e-03  90.0
  0.500000  0.000000  0.479469  4.910109e-03  90.0
  0.500000  0.000000  0.372920  6.052615e-03  90.0
  0.500000  0.000000  0.266372  6.151789e-03  90.0
  0.500000  0.000000  0.586018  5.561487e-03  90.0
  0.500000  0.000000  0.479469  5.732153e-03  90.0
  0.500000  0.000000  0.372920  6.318579e-03  90.0
  0.500000  0.000000  0.159823  5.350622e-03  90.0
  0.500000  0.000000  0.266372  6.133074e-03  90.0
  0.500000  0.000000  0.053274  6.003464e-03  90.0
  0.500000  0.000000  0.159823  5.523587e-03  90.0
  0.500000  0.000000  0.372920  5.343696e-03  90.0
  0.500000  0.000000  0.266372  6.140033e-03  90.0
  0.500000  0.000000  0.479469  5.990078e-03  90.0
  0.500000  0.000000  0.372920  5.547718e-03  90.0
  0.500000  0.000000  0.586018  5.916868e-03  90.0
  0.500000  0.000000  0.479469  5.710213e-03  90.0
  0.500000  0.000000  0.692567  5.330907e-03  90.0
  0.500000  0.000000  0.586018  5.564749e-03  90.0
  0.500000  0.000000  0.799115  5.331162e-03  90.0
  0.500000  0.000000  0.692567  5.215490e-03  90.0
  0.500000  0.000000  0.479469  4.899557e-03  90.0
  0.500000  0.000000  0.372920  5.635580e-03  90.0
  0.500000  0.000000  0.266372  6.095700e-03  90.0
  0.500000  0.000000  0.586018  5.889416e-03  90.0
  0.500000  0.000000  0.479469  5.694526e-03  90.0
  0.500000  0.000000  0.372920  6.110479e-03  90.0
  0.500000  0.000000  0.159823  5.830272e-03  90.0
  0.500000  0.000000  0.266372  6.156209e-03  90.0
  0.500000  0.000000  0.053274  5.346110e-03  90.0
  0.500000  0.000000  0.159823  5.625279e-03  90.0
  0.500000  0.000000  0.372920  5.316350e-03  90.0
  0.500000  0.000000  0.266372  6.123807e-03  90.0
  0.500000  0.000000  0.479469  5.921186e-03  90.0
  0.500000  0.000000  0.586018  5.533281e-03  90.0
  0.500000  0.000000  0.372920  5.981737e-03  90.0
  0.500000  0.000000  0.479469  5.684532e-03  90.0
  0.500000  0.000000  0.692567  5.363651e-03  90.0
  0.500000  0.000000  0.586018  5.882396e-03  90.0
  0.500000  0.000000  0.266372  4.789802e-03  90.0
  0.500000  0.000000  0.372920  5.798484e-03  90.0
  0.500000  0.000000  0.479469  6.472062e-03  90.0
  0.500000  0.000000  0.159823  5.530454e-03  90.0
  0.500000  0.000000  0.266372  5.633126e-03  90.0
  0.500000  0.000000  0.372920  6.244057e-03  90.0
  0.484677  0.000000  -0.074715  1.919228e-04  105.0
  0.486392  0.000000  -0.020021  1.942373e-04  105.0
  0.472603  0.000000  -0.071480  1.452722e-04  105.0
  0.470889  0.000000  -0.126174  1.610094e-04  105.0
  0.498466  0.000000  -0.023256  1.440905e-04  105.0
  0.500180  0.000000  0.031438  1.541921e-04  105.0
  0.484677  0.000000  -0.074715  1.296321e-04  105.0
  0.486392  0.000000  -0.020021  1.591880e-04  105.0
  0.482963  0.000000  -0.129410  1.310568e-04  105.0
  0.484677  0.000000  -0.074715  1.382588e-04  105.0
  0.498466  0.000000  -0.023256  1.293112e-04  105.0
  0.470889  0.000000  -0.126174  1.279466e-04  105.0
  0.500180  0.000000  0.031438  1.232271e-04  105.0
  0.472603  0.000000  -0.071480  1.295168e-04  105.0
  0.486392  0.000000  -0.020021  1.289590e-04  105.0
  0.484677  0.000000  -0.074715  1.262979e-04  105.0
  0.488106  0.000000  0.034673  1.233022e-04  105.0
  0.486392  0.000000  -0.020021  1.310143e-04  105.0
  0.446741  0.000000  -0.119704  1.149482e-04  105.0
  0.500180  0.000000  0.031438  1.032406e-04  105.0
  0.498466  0.000000  -0.023256  1.238735e-04  105.0
  0.470889  0.000000  -0.126174  1.161811e-04  105.0
  0.484677  0.000000  -0.074715  1.177872e-04  105.0
  0.486392  0.000000  -0.020021  1.252392e-04  105.0
  0.457100  0.000000  -0.177633  1.180657e-04  105.0
  0.484677  0.000000  -0.074715  1.167842e-04  105.0
  0.482963  0.000000  -0.129410  1.155633e-04  105.0
  0.488106  0.000000  0.034673  1.116209e-04  105.0
  0.486392  0.000000  -0.020021  1.192204e-04  105.0
  0.484677  0.000000  -0.074715  1.209680e-04  105.0
  0.498466  0.000000  -0.023256  1.058698e-04  105.0
  0.500180  0.000000  0.031438  1.259261e-04  105.0
  0.486392  0.000000  -0.020021  1.044536e-04  105.0
  0.472603  0.000000  -0.071480  1.135573e-04  105.0
  0.470889  0.000000  -0.126174  1.270225e-04  105.0
  0.469174  0.000000  -0.180869  1.136540e-04  105.0
  0.484677  0.000000  -0.074715  1.012330e-04  105.0
  0.486392  0.000000  -0.020021  1.038906e-04  105.0
  0.500180  0.000000  0.031438  1.150523e-04  105.0
  0.498466  0.000000  -0.023256  1.154292e-04  105.0
  0.496751  0.000000  -0.077950  1.146832e-04  105.0
  0.513968  0.000000  0.082897  1.001096e-04  105.0
  0.512254  0.000000  0.028203  1.020212e-04  105.0
  0.484677  0.000000  -0.074715  1.109378e-04  105.0
  0.498466  0.000000  -0.023256  1.073605e-04  105.0
  0.500180  0.000000  0.031438  1.102890e-04  105.0
  0.501894  0.000000  0.086132  1.149056e-04  105.0
  0.470889  0.000000  -0.126174  1.089704e-04  105.0
  0.472603  0.000000  -0.071480  1.087000e-04  105.0
  0.486392  0.000000  -0.020021  1.142868e-04  105.0
  0.932682  0.000000  -0.784548  1.106062e-04  120.0
  0.906045  0.000000  -0.830685  1.164236e-04  120.0
  0.959319  0.000000  -0.738411  1.218147e-04  120.0
  0.932682  0.000000  -0.784548  9.825940e-05  120.0
  0.879407  0.000000  -0.876822  1.132045e-04  120.0
  0.906045  0.000000  -0.830685  1.021230e-04  120.0
  0.921856  0.000000  -0.778298  1.056293e-04  120.0
  0.985956  0.000000  -0.692274  1.122962e-04  120.0
  0.970144  0.000000  -0.744661  9.613125e-05  120.0
  0.852770  0.000000  -0.922959  9.591587e-05  120.0
  0.906045  0.000000  -0.830685  1.117325e-04  120.0
  0.921856  0.000000  -0.778298  9.558098e-05  120.0
  0.890233  0.000000  -0.883072  9.482058e-05  120.0
  0.906045  0.000000  -0.830685  1.069634e-04  120.0
  0.932682  0.000000  -0.784548  9.308563e-05  120.0
  0.948494  0.000000  -0.732161  1.089655e-04  120.0
  0.916870  0.000000  -0.836935  1.037817e-04  120.0
  0.932682  0.000000  -0.784548  1.003982e-04  120.0
  0.879407  0.000000  -0.876822  9.493911e-05  120.0
  0.985956  0.000000  -0.692274  9.585431e-05  120.0
  0.906045  0.000000  -0.830685  9.218490e-05  120.0
  0.959319  0.000000  -0.738411  1.060316e-04  120.0
  0.932682  0.000000  -0.784548  1.032823e-04  120.0
  0.852770  0.000000  -0.922959  9.068047e-05  120.0
  0.906045  0.000000  -0.830685  1.050331e-04  120.0
  0.879407  0.000000  -0.876822  9.199856e-05  120.0
  0.826133  0.000000  -0.969096  9.830731e-05  120.0
  0.932682  0.000000  -0.784548  9.799775e-05  120.0
  0.959319  0.000000  -0.738411  9.185625e-05  120.0
  0.943507  0.000000  -0.790798  9.859462e-05  120.0
  0.879407  0.000000  -0.876822  9.649217e-05  120.0
  0.895219  0.000000  -0.824435  1.080519e-04  120.0
  0.985956  0.000000  -0.692274  8.931784e-05  120.0
  0.970144  0.000000  -0.744661  1.014634e-04  120.0
  0.943507  0.000000  -0.790798  9.055170e-05  120.0
  0.959319  0.000000  -0.738411  9.615907e-05  120.0
  1.012593  0.000000  -0.646137  1.070439e-04  120.0
  0.996781  0.000000  -0.698524  8.950448e-05  120.0
  0.932682  0.000000  -0.784548  8.546956e-05  120.0
  0.906045  0.000000  -0.830685  1.019802e-04  120.0
  0.890233  0.000000  -0.883072  9.891191e-05  120.0
  0.916870  0.000000  -0.836935  9.729692e-05  120.0
  0.970144  0.000000  -0.744661  9.647717e-05  120.0
  0.943507  0.000000  -0.790798  1.049377e-04  120.0
  0.959319  0.000000  -0.738411  9.584803e-05  120.0
  0.985956  0.000000  -0.692274  8.891312e-05  120.0
  0.932682  0.000000  -0.784548  9.220672e-05  120.0
  0.916870  0.000000  -0.836935  9.696769e-05  120.0
  0.863596  0.000000  -0.929209  9.977180e-05  120.0
  0.879407  0.000000  -0.876822  9.995579e-05  120.0
