RCS SIMULATOR RESULTS 20260619231730

Simulation Parameters:
    Mode: Monostatic
    Radar Frequency (GHz): 1.0000
    Wavelength (m): 0.300000
    Correlation distance (m): 0.000000
    Standard Deviation (m): 0.000000
    Incident wave polarization: TM-z
    Number of triangles: 12170
    Start phi angle (degrees): 90
    Stop phi angle (degrees): 90
    Phi increment step (degrees): 0
    Start theta angle (degrees): 0
    Stop theta angle (degrees): 180
    Theta increment step (degrees): 2.500000e-01

Simulation Results IR Signature:
Theta (deg):
[0 0.25 0.5 0.75 1 1.25 1.5 1.75 2 2.25 2.5 2.75 3 3.25 3.5 3.75 4 4.25 4.5 4.75 5 5.25 5.5 5.75 6 6.25 6.5 6.75 7 7.25 7.5 7.75 8 8.25 8.5 8.75 9 9.25 9.5 9.75 10 10.25 10.5 10.75 11 11.25 11.5 11.75 12 12.25 12.5 12.75 13 13.25 13.5 13.75 14 14.25 14.5 14.75 15 15.25 15.5 15.75 16 16.25 16.5 16.75 17 17.25 17.5 17.75 18 18.25 18.5 18.75 19 19.25 19.5 19.75 20 20.25 20.5 20.75 21 21.25 21.5 21.75 22 22.25 22.5 22.75 23 23.25 23.5 23.75 24 24.25 24.5 24.75 25 25.25 25.5 25.75 26 26.25 26.5 26.75 27 27.25 27.5 27.75 28 28.25 28.5 28.75 29 29.25 29.5 29.75 30 30.25 30.5 30.75 31 31.25 31.5 31.75 32 32.25 32.5 32.75 33 33.25 33.5 33.75 34 34.25 34.5 34.75 35 35.25 35.5 35.75 36 36.25 36.5 36.75 37 37.25 37.5 37.75 38 38.25 38.5 38.75 39 39.25 39.5 39.75 40 40.25 40.5 40.75 41 41.25 41.5 41.75 42 42.25 42.5 42.75 43 43.25 43.5 43.75 44 44.25 44.5 44.75 45 45.25 45.5 45.75 46 46.25 46.5 46.75 47 47.25 47.5 47.75 48 48.25 48.5 48.75 49 49.25 49.5 49.75 50 50.25 50.5 50.75 51 51.25 51.5 51.75 52 52.25 52.5 52.75 53 53.25 53.5 53.75 54 54.25 54.5 54.75 55 55.25 55.5 55.75 56 56.25 56.5 56.75 57 57.25 57.5 57.75 58 58.25 58.5 58.75 59 59.25 59.5 59.75 60 60.25 60.5 60.75 61 61.25 61.5 61.75 62 62.25 62.5 62.75 63 63.25 63.5 63.75 64 64.25 64.5 64.75 65 65.25 65.5 65.75 66 66.25 66.5 66.75 67 67.25 67.5 67.75 68 68.25 68.5 68.75 69 69.25 69.5 69.75 70 70.25 70.5 70.75 71 71.25 71.5 71.75 72 72.25 72.5 72.75 73 73.25 73.5 73.75 74 74.25 74.5 74.75 75 75.25 75.5 75.75 76 76.25 76.5 76.75 77 77.25 77.5 77.75 78 78.25 78.5 78.75 79 79.25 79.5 79.75 80 80.25 80.5 80.75 81 81.25 81.5 81.75 82 82.25 82.5 82.75 83 83.25 83.5 83.75 84 84.25 84.5 84.75 85 85.25 85.5 85.75 86 86.25 86.5 86.75 87 87.25 87.5 87.75 88 88.25 88.5 88.75 89 89.25 89.5 89.75 90 90.25 90.5 90.75 91 91.25 91.5 91.75 92 92.25 92.5 92.75 93 93.25 93.5 93.75 94 94.25 94.5 94.75 95 95.25 95.5 95.75 96 96.25 96.5 96.75 97 97.25 97.5 97.75 98 98.25 98.5 98.75 99 99.25 99.5 99.75 100 100.25 100.5 100.75 101 101.25 101.5 101.75 102 102.25 102.5 102.75 103 103.25 103.5 103.75 104 104.25 104.5 104.75 105 105.25 105.5 105.75 106 106.25 106.5 106.75 107 107.25 107.5 107.75 108 108.25 108.5 108.75 109 109.25 109.5 109.75 110 110.25 110.5 110.75 111 111.25 111.5 111.75 112 112.25 112.5 112.75 113 113.25 113.5 113.75 114 114.25 114.5 114.75 115 115.25 115.5 115.75 116 116.25 116.5 116.75 117 117.25 117.5 117.75 118 118.25 118.5 118.75 119 119.25 119.5 119.75 120 120.25 120.5 120.75 121 121.25 121.5 121.75 122 122.25 122.5 122.75 123 123.25 123.5 123.75 124 124.25 124.5 124.75 125 125.25 125.5 125.75 126 126.25 126.5 126.75 127 127.25 127.5 127.75 128 128.25 128.5 128.75 129 129.25 129.5 129.75 130 130.25 130.5 130.75 131 131.25 131.5 131.75 132 132.25 132.5 132.75 133 133.25 133.5 133.75 134 134.25 134.5 134.75 135 135.25 135.5 135.75 136 136.25 136.5 136.75 137 137.25 137.5 137.75 138 138.25 138.5 138.75 139 139.25 139.5 139.75 140 140.25 140.5 140.75 141 141.25 141.5 141.75 142 142.25 142.5 142.75 143 143.25 143.5 143.75 144 144.25 144.5 144.75 145 145.25 145.5 145.75 146 146.25 146.5 146.75 147 147.25 147.5 147.75 148 148.25 148.5 148.75 149 149.25 149.5 149.75 150 150.25 150.5 150.75 151 151.25 151.5 151.75 152 152.25 152.5 152.75 153 153.25 153.5 153.75 154 154.25 154.5 154.75 155 155.25 155.5 155.75 156 156.25 156.5 156.75 157 157.25 157.5 157.75 158 158.25 158.5 158.75 159 159.25 159.5 159.75 160 160.25 160.5 160.75 161 161.25 161.5 161.75 162 162.25 162.5 162.75 163 163.25 163.5 163.75 164 164.25 164.5 164.75 165 165.25 165.5 165.75 166 166.25 166.5 166.75 167 167.25 167.5 167.75 168 168.25 168.5 168.75 169 169.25 169.5 169.75 170 170.25 170.5 170.75 171 171.25 171.5 171.75 172 172.25 172.5 172.75 173 173.25 173.5 173.75 174 174.25 174.5 174.75 175 175.25 175.5 175.75 176 176.25 176.5 176.75 177 177.25 177.5 177.75 178 178.25 178.5 178.75 179 179.25 179.5 179.75 180]

RCS Theta (dBsm):
[19.5530760261903 19.541452006965 19.5094072933938 19.4557447118019 19.3793837064366 19.2802636441935 19.1588078287806 19.0150857948699 18.8489855941638 18.6604809109499 18.4494163846578 18.2156197468348 17.9589228618452 17.6791333292458 17.3760314285406 17.049420434136 16.699046671019 16.3246759363853 15.9260398283218 15.5028051698769 15.0546760689026 14.5811917325445 14.0820976921402 13.5570238453835 13.0056042795818 12.4274730138764 11.8221629484263 11.1889681781646 10.5271232541596 9.83565469589027 9.11319423147863 8.35796108475276 7.56754914538232 6.73897450361396 5.86808603049336 4.9492378900892 3.97482837410948 2.93433150655339 1.81309727981291 0.590528117462129 -0.763156373870962 -2.292413004687 -4.06762061676015 -6.20831567885379 -8.94343083692647 -12.8019512692904 -19.5574691189254 -30.4954675363342 -17.0150781676911 -11.784643836176 -8.58523533278965 -6.29282534061609 -4.51895972158959 -3.08460003073874 -1.89381264869153 -0.889484241642938 -0.0358876069543588 0.689668157650233 1.30287801058789 1.81391779881333 2.22934741505441 2.55215847519726 2.78423768288413 2.92511681374255 2.97188716134607 2.91996059289298 2.76341263022718 2.49397228793795 2.10137349960069 1.57082168653989 0.87881932005454 -0.00283840543652854 -1.10824389766405 -2.49134206954751 -4.20915893632902 -6.29578813172634 -8.57018796231245 -10.0730845369922 -9.39977632570965 -7.31575316180107 -5.1792037845173 -3.40156911142999 -1.99869247720555 -0.918670780724571 -0.115238320351763 0.448410364148679 0.79600389590414 0.941526434682576 0.886813473863413 0.629434034511314 0.160444762197831 -0.537631063420865 -1.4979178423388 -2.77346939598152 -4.45539319341106 -6.70997252348026 -9.88254752436018 -14.9339708000959 -27.1438886627978 -20.877198205858 -13.6427398343395 -10.1236350842994 -7.97284979521103 -6.56261151226017 -5.62858240295544 -5.02691311110001 -4.65995533257143 -4.45653975080505 -4.35581019710115 -4.30342002339339 -4.25689551848343 -4.19597596993372 -4.12552780941865 -4.06686789957165 -4.0578459378271 -4.1324767543299 -4.31614225871043 -4.62098806522471 -5.02839295905569 -5.4738502153656 -5.83759610788627 -5.96009728926976 -5.72584218241197 -5.16166471944852 -4.41844017409145 -3.66654944490013 -3.0386432477794 -2.61720737563368 -2.4556328106799 -2.60147992129394 -3.10750700055786 -4.05202208853134 -5.55531604362587 -7.80917296860831 -10.9519008518031 -13.4275347009242 -11.1423787494263 -7.46456872515065 -4.63547135306254 -2.60387352097428 -1.17203258104764 -0.21401823044744 0.343525997476815 0.538841449338421 0.386495248342297 -0.116183231565651 -0.98498395142997 -2.24133578713034 -3.8812193282074 -5.76122858440456 -7.32695451242722 -7.64832501699686 -6.70788177827238 -5.45066979228406 -4.47727544364917 -3.96848917441639 -3.97130329962737 -4.51756187769939 -5.65712349874861 -7.43258213718027 -9.62456092957168 -10.8330020635398 -9.39120732801665 -6.90039109636474 -4.79922369399791 -3.31796864393537 -2.40998284460338 -2.01869869447798 -2.11926855992383 -2.71602434872767 -3.83907128155313 -5.51467368564896 -7.61427102900909 -9.31290588800392 -9.06530814816629 -7.28897684300876 -5.49815360100025 -4.22191933510767 -3.50791881538489 -3.31261264465041 -3.57482759694469 -4.19437328877095 -4.95136442032546 -5.42912266056254 -5.20820965108333 -4.34365904571212 -3.2887681611995 -2.42015548894291 -1.92338155833721 -1.88503247123541 -2.37274758232014 -3.48131723899238 -5.36625820517548 -8.22330645314735 -11.5279655130961 -11.2787850367247 -7.93489397193045 -5.22436831755422 -3.51460159838289 -2.63533339394166 -2.48997004319667 -3.08373013735425 -4.54764531376185 -7.27022719822912 -12.516771983509 -29.3276402394586 -13.8286402009135 -7.91189582683675 -4.97230726367753 -3.43580835048634 -2.87000404930753 -3.1625702129141 -4.39266296344799 -6.91629791572666 -11.9482747413799 -26.7677525898733 -13.0952555866989 -7.06289108133591 -3.9849149769526 -2.28830706677757 -1.51926590604492 -1.52097929882905 -2.27253534130289 -3.84838472526007 -6.35930531197002 -9.34566312192655 -9.68659256649835 -6.92759985220112 -4.4509277604248 -2.94767992966009 -2.3455764558167 -2.60167466959993 -3.80398548189488 -6.26479692360657 -10.7709344207406 -15.7459750961964 -10.0802577032988 -5.49414407494353 -2.85280023490546 -1.39262377075996 -0.787724294011315 -0.894666785229779 -1.63544177663993 -2.88920601824609 -4.27052897770576 -4.92656762237257 -4.35902354196334 -3.29571014751634 -2.55443389588031 -2.50342798465382 -3.34643374038241 -5.34316200422112 -8.70740469307789 -10.5354098452274 -6.63882026610408 -2.92749905857805 -0.58490313412499 0.667465819182134 0.984644001006393 0.374720063118079 -1.23764897847593 -3.56095197974263 -3.86274057733678 -0.626384918756638 2.66136304842882 5.00831256347111 6.48636867179247 7.19077881657345 7.12443223271654 6.16093798523994 3.91121349751133 -0.92223071715945 -16.6814769645534 -0.713720180658164 5.6095685401006 9.10182184071935 11.2819837884027 12.6053589642648 13.245963588849 13.2545798974065 12.5940332234425 11.118710608893 8.47971064204272 3.93615979908314 -0.0172500308067169 5.55278540293251 10.0341016622362 12.8053818629838 14.5265138322775 15.4970266079448 15.8468259079293 15.6156445205751 14.7755108304882 13.2229291127549 10.7526679724914 7.17675010799488 4.42165268502913 7.05396652647901 10.5347964355246 12.9138893183472 14.3802423834882 15.1437469897246 15.31468036287 14.932383982504 13.9790558104661 12.3737763163112 9.94763204265282 6.45521192664927 2.50240291062413 2.94721209928718 6.29915602962145 8.74895262733193 10.1969900612094 10.885237827561 10.9607907165876 10.4949165665497 9.50615008942612 7.96667333147325 5.79095821377639 2.79269372601216 -1.44970239257233 -8.097621316401 -17.4879554997649 -10.7908854664343 -7.38546528980269 -6.37471075804701 -6.59127718752854 -7.18729117689537 -6.81554629219994 -4.79586777786054 -2.1434142266935 0.32609117036016 2.41106959078533 4.1069975480459 5.43623011561502 6.41096323609167 7.02846325611148 7.26947706392226 7.09270574397659 6.42265933766088 5.12021012688716 2.91042786336748 -0.788996596614808 -6.11271090735498 -3.16662663501855 2.33693110775877 5.95412661117681 8.45635523300981 10.2762175583084 11.636453294089 12.668709300688 13.4611879915652 14.0783722873688 14.5689354263489 14.968659703875 15.3011100164765 15.5783189552748 15.8023991249439 15.9681960476379 16.0662968086256 16.0856100924563 16.0156030251558 15.8456050454138 15.5655551628664 15.1654452363613 14.6345824762819 13.9607739250733 13.1294994789755 12.1230658352811 10.9196650551629 9.49221329218657 7.80734606761623 5.82354363191263 3.49148649272156 0.763224594494077 -2.35349125459167 -5.55289183477193 -7.66874575350534 -7.52222958244632 -6.06769710889001 -4.41591633452293 -2.87932593779312 -1.52328792706169 -0.390105443480308 0.479553531077656 1.05183041892297 1.29898535923408 1.19200304291388 0.693437598697016 -0.254684231378491 -1.75079187919769 -3.97202717269232 -7.25779661721441 -12.0915831584641 -15.1191357337241 -10.9047644378202 -7.3800315777761 -5.24889553016888 -4.03278945013407 -3.46755459367233 -3.41558713790339 -3.80178374212113 -4.58619004164519 -5.75238658080293 -7.30340990626094 -9.26734286023744 -11.7197963543394 -14.8412234845492 -19.090161518253 -26.0325337693774 -40.1314517012515 -26.1781743570856 -21.5702665727196 -19.4236705583688 -18.6015461674163 -18.8241957009201 -20.0358732040266 -21.7976957774792 -21.5642957631884 -18.2264717584052 -14.7417218288861 -12.0409421252698 -10.0702930708663 -8.70592732930593 -7.8658810681145 -7.51446429387562 -7.65611628475596 -8.34136191834313 -9.69154998769092 -11.9680305354504 -15.7735424426688 -21.9373620105962 -20.0485798295252 -14.2399477083128 -10.7463467142703 -8.57403433119357 -7.24650718991529 -6.55673087062674 -6.41663292831923 -6.80827746558614 -7.77467881833888 -9.43693988411348 -12.0809608992327 -16.4554387855277 -25.1754366006542 -23.6450201420494 -16.6385365728314 -13.3422413440657 -11.6509887309097 -10.9688907004442 -11.0934853814597 -11.9998252048376 -13.82143803293 -16.9661589395022 -22.7085111537983 -31.1509972854092 -22.0813657548488 -17.3746279080224 -14.9378906869732 -13.7005499093771 -13.2816547218904 -13.5183745612314 -14.3256689254879 -15.6310595097918 -17.2555025675773 -18.7058755852236 -19.2030432114461 -18.6013506508097 -17.5945041906512 -16.7250055179188 -16.1595015110111 -15.8797786399765 -15.80681241701 -15.8415712560288 -15.8721061020582 -15.7878206548031 -15.5049572460685 -14.9914378220505 -14.287833655957 -13.4913203734332 -12.7169516252683 -12.0626927100894 -11.6027209575336 -11.3843164248151 -11.423219870088 -11.6979653577082 -12.1213306101221 -12.497616377401 -12.5424319336721 -12.077034455391 -11.2212952611611 -10.2686856460771 -9.46180409382734 -8.94196857562135 -8.78447981461863 -9.03436907400378 -9.7326268336984 -10.9152634405821 -12.5641338246705 -14.3895070029378 -15.3888492756557 -14.6271519575253 -12.9571900589897 -11.4453246986462 -10.4280206195639 -9.94746710279491 -9.99427651627644 -10.5757363809741 -11.733873440176 -13.5628019609355 -16.2382118448859 -20.0057755017638 -24.3410977849475 -24.6873029270971 -22.0517088609953 -20.3054142176577 -19.5446794481644 -19.2091070842667 -18.4963514195109 -16.9062951998343 -14.8186858112508 -12.8140381665091 -11.1610748678253 -9.92290752003824 -9.08524715525594 -8.61068598494251 -8.44919726266146 -8.52724478505093 -8.72584091281344 -8.86978352150766 -8.76779399572804 -8.32628191603673 -7.62122287724426 -6.82723528954093 -6.10743603047698 -5.5646749396016 -5.25225766278394 -5.19572357172346 -5.40573710419286 -5.88488329900177 -6.63008585308521 -7.63322155817302 -8.86216900629917 -10.2494895310983 -11.6714541054564 -12.9584719147055 -13.9902296293645 -14.815756776965 -15.6478591540836 -16.7598980373054 -18.4373115793603 -20.9723041801145 -24.2137840605602 -24.6502156855093 -20.9581645545692 -17.5100214867849 -14.9943711237241 -13.1884565870293 -11.8975972071436 -10.988608949526 -10.3698148525997 -9.96869565309478 -9.71872446268597 -9.56257188574607 -9.45000474142717 -9.33778131736078 -9.2010653905955 -9.03559750326012 -8.85564053618347 -8.68878243948663 -8.56703949097358 -8.52081407826191 -8.57520934080454 -8.75487498611797 -9.08090300564368 -9.5724940939589 -10.2550925438016 -11.1631215735285 -12.3425311307364 -13.8564450343346 -15.8126881944014 -18.3692478983348 -21.749453284028 -25.8577275009897 -27.3036752559393 -24.3316132623704 -21.481478681019 -19.5213619216794 -18.2232905042403 -17.3907353265486 -16.8850275913921 -16.5947596876005 -16.4419506165293 -16.3697885406481 -16.3481219377628 -16.3908212427474 -16.5456791131629 -16.8861632041931 -17.5078484729429 -18.5333988101108 -20.1355851776192 -22.5460921093592 -25.5175343708052 -25.6088500862741 -21.7952922565714 -18.1799793569353 -15.4276433502354 -13.3512787597119 -11.7897263409979 -10.6354277289076 -9.83136699938995 -9.33886427001942 -9.14796625922109 -9.26087722045078 -9.69684716161871 -10.5021757640899 -11.7666457896234 -13.6705695086614 -16.592842042618 -21.4371180841278 -26.848531552426 -20.3808622927366 -15.1776830325484 -11.7615820363954 -9.26671916189217 -7.32166682291192 -5.73970914890433 -4.41252023184928 -3.27711837446406 -2.29898617303431 -1.45412614794584 -0.728633287472515 -0.110891973798628 0.401183525265713 0.80543510999591 1.09324656063673 1.25904390130641 1.29625140728351 1.18882668809109 0.916383784760951 0.451508002629669 -0.248346287547959 -1.2444503341062 -2.64255759658545 -4.63568333542237 -7.65270235810959 -12.9392916094163 -24.2776836746379 -12.9631005449331 -6.83192891945636 -3.14867207876712 -0.531817436575348 1.4727141353453 3.07087598423502 4.37226982682404 5.44333824536407 6.32516786036081 7.04394527280699 7.61822071785372 8.05990731684406 8.37626369309322 8.57053542987253 8.64240087000905 8.58813974919704 8.39991887796154 8.06496509018028 7.5636237519259 6.86603040459901 5.92583448366707 4.66786418304939 2.9611233384655 0.546215133598103 -3.21199326127352 -10.7995694286214 -16.9676946171546 -4.63179595464018 0.392952286620228 3.59786251698546 5.93637189230653 7.75389180930501 9.21486468688924 10.4096856843204 11.3928964557478 12.1993263317485 12.8517260732056 13.3650796615097 13.7487700690838 14.0078076097025 14.1434885001065 14.1534913698283 14.0315940951552 13.7668866279327 13.3421122632187 12.730929337712 11.8926791962502 10.7623671772304 9.22858056184108 7.07885145086392 3.8274051206944 -2.12581812163416 -26.3322584902761 -0.649707148595003 5.35207097922901 8.97273521717821 11.5756995871446 13.6008429056722 15.246669824895 16.6198753754337 17.7844176838819 18.781618261279 19.6396928312942 20.3786285690452 21.0130257843957 21.5538125424739 22.0092967272442 22.3858119960068 22.688163078875 22.9201571548239 23.0843919464507 23.1822023844202 23.2144564672209]

Phi (deg):
[90 90 90 90 90 90 90 90 90 90 90 90 90 90 90 90 90 90 90 90 90 90 90 90 90 90 90 90 90 90 90 90 90 90 90 90 90 90 90 90 90 90 90 90 90 90 90 90 90 90 90 90 90 90 90 90 90 90 90 90 90 90 90 90 90 90 90 90 90 90 90 90 90 90 90 90 90 90 90 90 90 90 90 90 90 90 90 90 90 90 90 90 90 90 90 90 90 90 90 90 90 90 90 90 90 90 90 90 90 90 90 90 90 90 90 90 90 90 90 90 90 90 90 90 90 90 90 90 90 90 90 90 90 90 90 90 90 90 90 90 90 90 90 90 90 90 90 90 90 90 90 90 90 90 90 90 90 90 90 90 90 90 90 90 90 90 90 90 90 90 90 90 90 90 90 90 90 90 90 90 90 90 90 90 90 90 90 90 90 90 90 90 90 90 90 90 90 90 90 90 90 90 90 90 90 90 90 90 90 90 90 90 90 90 90 90 90 90 90 90 90 90 90 90 90 90 90 90 90 90 90 90 90 90 90 90 90 90 90 90 90 90 90 90 90 90 90 90 90 90 90 90 90 90 90 90 90 90 90 90 90 90 90 90 90 90 90 90 90 90 90 90 90 90 90 90 90 90 90 90 90 90 90 90 90 90 90 90 90 90 90 90 90 90 90 90 90 90 90 90 90 90 90 90 90 90 90 90 90 90 90 90 90 90 90 90 90 90 90 90 90 90 90 90 90 90 90 90 90 90 90 90 90 90 90 90 90 90 90 90 90 90 90 90 90 90 90 90 90 90 90 90 90 90 90 90 90 90 90 90 90 90 90 90 90 90 90 90 90 90 90 90 90 90 90 90 90 90 90 90 90 90 90 90 90 90 90 90 90 90 90 90 90 90 90 90 90 90 90 90 90 90 90 90 90 90 90 90 90 90 90 90 90 90 90 90 90 90 90 90 90 90 90 90 90 90 90 90 90 90 90 90 90 90 90 90 90 90 90 90 90 90 90 90 90 90 90 90 90 90 90 90 90 90 90 90 90 90 90 90 90 90 90 90 90 90 90 90 90 90 90 90 90 90 90 90 90 90 90 90 90 90 90 90 90 90 90 90 90 90 90 90 90 90 90 90 90 90 90 90 90 90 90 90 90 90 90 90 90 90 90 90 90 90 90 90 90 90 90 90 90 90 90 90 90 90 90 90 90 90 90 90 90 90 90 90 90 90 90 90 90 90 90 90 90 90 90 90 90 90 90 90 90 90 90 90 90 90 90 90 90 90 90 90 90 90 90 90 90 90 90 90 90 90 90 90 90 90 90 90 90 90 90 90 90 90 90 90 90 90 90 90 90 90 90 90 90 90 90 90 90 90 90 90 90 90 90 90 90 90 90 90 90 90 90 90 90 90 90 90 90 90 90 90 90 90 90 90 90 90 90 90 90 90 90 90 90 90 90 90 90 90 90 90 90 90 90 90 90 90 90 90 90 90 90 90 90 90 90 90 90 90 90 90 90 90 90 90 90 90 90 90 90 90 90 90 90 90 90 90 90 90 90 90 90 90 90 90 90 90 90 90 90 90 90 90 90 90 90 90 90 90 90 90 90 90 90 90 90 90 90 90 90 90 90 90 90 90 90 90 90]

RCS Phi (dBsm):
[-100 -99.9999999999993 -99.9999999999972 -99.9999999999937 -99.999999999989 -99.9999999999832 -99.9999999999763 -99.9999999999687 -99.9999999999604 -99.9999999999517 -99.9999999999428 -99.9999999999338 -99.9999999999251 -99.9999999999169 -99.9999999999092 -99.9999999999024 -99.9999999998966 -99.9999999998919 -99.9999999998884 -99.9999999998861 -99.999999999885 -99.9999999998853 -99.9999999998869 -99.9999999998898 -99.9999999998942 -99.9999999998994 -99.9999999999056 -99.9999999999123 -99.9999999999199 -99.9999999999277 -99.999999999936 -99.999999999944 -99.9999999999526 -99.9999999999606 -99.9999999999682 -99.9999999999752 -99.9999999999814 -99.9999999999869 -99.9999999999915 -99.999999999995 -99.9999999999976 -99.9999999999993 -100 -99.9999999999997 -99.9999999999986 -99.9999999999968 -99.9999999999943 -99.9999999999913 -99.9999999999879 -99.9999999999843 -99.9999999999806 -99.9999999999768 -99.9999999999732 -99.9999999999698 -99.999999999967 -99.9999999999644 -99.9999999999623 -99.9999999999608 -99.9999999999599 -99.9999999999596 -99.9999999999599 -99.9999999999606 -99.9999999999619 -99.9999999999638 -99.9999999999661 -99.9999999999686 -99.9999999999712 -99.9999999999751 -99.9999999999778 -99.9999999999819 -99.999999999985 -99.9999999999879 -99.9999999999908 -99.9999999999933 -99.9999999999957 -99.9999999999977 -99.9999999999987 -99.9999999999996 -100 -99.9999999999999 -99.9999999999994 -99.9999999999985 -99.9999999999971 -99.9999999999958 -99.9999999999939 -99.9999999999914 -99.9999999999895 -99.9999999999874 -99.9999999999855 -99.9999999999834 -99.9999999999799 -99.9999999999793 -99.9999999999783 -99.999999999977 -99.9999999999751 -99.9999999999747 -99.9999999999741 -99.999999999975 -99.9999999999755 -99.9999999999768 -99.9999999999768 -99.999999999977 -99.9999999999798 -99.9999999999812 -99.9999999999842 -99.9999999999856 -99.9999999999866 -99.9999999999893 -99.9999999999914 -99.9999999999939 -99.9999999999948 -99.9999999999962 -99.9999999999976 -99.9999999999985 -99.9999999999992 -99.9999999999997 -100 -99.9999999999999 -99.9999999999996 -99.999999999999 -99.9999999999983 -99.999999999997 -99.9999999999962 -99.9999999999948 -99.9999999999936 -99.9999999999917 -99.99999999999 -99.9999999999891 -99.999999999987 -99.9999999999858 -99.9999999999859 -99.9999999999844 -99.9999999999837 -99.9999999999825 -99.9999999999818 -99.9999999999818 -99.9999999999817 -99.9999999999819 -99.9999999999822 -99.9999999999827 -99.9999999999831 -99.9999999999844 -99.999999999985 -99.9999999999859 -99.9999999999863 -99.9999999999877 -99.9999999999889 -99.9999999999903 -99.9999999999918 -99.9999999999932 -99.9999999999948 -99.999999999996 -99.9999999999971 -99.9999999999979 -99.9999999999987 -99.9999999999992 -99.9999999999996 -99.9999999999998 -100 -99.9999999999999 -99.9999999999997 -99.9999999999993 -99.9999999999989 -99.9999999999983 -99.9999999999974 -99.9999999999961 -99.9999999999957 -99.999999999995 -99.999999999994 -99.999999999993 -99.9999999999922 -99.999999999991 -99.9999999999899 -99.9999999999893 -99.9999999999882 -99.9999999999875 -99.9999999999872 -99.9999999999869 -99.9999999999858 -99.9999999999854 -99.9999999999852 -99.9999999999852 -99.9999999999852 -99.9999999999853 -99.9999999999847 -99.9999999999859 -99.9999999999865 -99.9999999999871 -99.999999999988 -99.9999999999884 -99.9999999999895 -99.9999999999905 -99.9999999999914 -99.9999999999923 -99.9999999999932 -99.9999999999938 -99.9999999999944 -99.9999999999953 -99.9999999999961 -99.9999999999971 -99.9999999999977 -99.9999999999983 -99.9999999999987 -99.9999999999991 -99.9999999999994 -99.9999999999997 -99.9999999999999 -100 -100 -99.9999999999999 -99.9999999999998 -99.9999999999995 -99.9999999999992 -99.9999999999988 -99.9999999999986 -99.9999999999983 -99.9999999999977 -99.999999999997 -99.9999999999967 -99.9999999999961 -99.9999999999955 -99.9999999999943 -99.9999999999938 -99.9999999999935 -99.9999999999931 -99.9999999999921 -99.9999999999914 -99.999999999991 -99.9999999999907 -99.99999999999 -99.999999999989 -99.9999999999888 -99.9999999999879 -99.9999999999879 -99.9999999999882 -99.9999999999878 -99.9999999999879 -99.9999999999879 -99.9999999999881 -99.9999999999878 -99.999999999988 -99.9999999999884 -99.9999999999889 -99.9999999999881 -99.9999999999881 -99.9999999999891 -99.9999999999889 -99.9999999999905 -99.9999999999911 -99.9999999999911 -99.9999999999919 -99.999999999992 -99.9999999999916 -99.9999999999922 -99.9999999999929 -99.9999999999934 -99.9999999999942 -99.999999999995 -99.9999999999955 -99.9999999999957 -99.999999999996 -99.9999999999964 -99.9999999999962 -99.9999999999967 -99.9999999999971 -99.9999999999977 -99.999999999998 -99.9999999999982 -99.9999999999986 -99.9999999999988 -99.999999999999 -99.9999999999992 -99.9999999999994 -99.9999999999995 -99.9999999999997 -99.9999999999999 -99.9999999999999 -100 -100 -100 -100 -99.9999999999999 -99.9999999999999 -99.9999999999998 -99.9999999999996 -99.9999999999996 -99.9999999999995 -99.9999999999995 -99.9999999999992 -99.9999999999989 -99.9999999999986 -99.9999999999985 -99.9999999999986 -99.9999999999989 -99.9999999999983 -99.9999999999977 -99.9999999999976 -99.9999999999975 -99.9999999999975 -99.9999999999973 -99.999999999997 -99.9999999999966 -99.9999999999961 -99.9999999999958 -99.9999999999954 -99.9999999999953 -99.9999999999952 -99.9999999999949 -99.9999999999948 -99.9999999999947 -99.9999999999944 -99.999999999994 -99.9999999999941 -99.9999999999939 -99.9999999999938 -99.9999999999942 -99.9999999999931 -99.9999999999928 -99.9999999999927 -99.9999999999928 -99.9999999999929 -99.9999999999927 -99.9999999999926 -99.9999999999922 -99.9999999999915 -99.9999999999909 -99.9999999999905 -99.9999999999906 -99.999999999991 -99.999999999992 -99.9999999999919 -99.999999999992 -99.9999999999914 -99.9999999999912 -99.9999999999893 -99.9999999999908 -99.9999999999908 -99.9999999999914 -99.9999999999924 -99.9999999999905 -99.99999999999 -99.99999999999 -99.99999999999 -99.9999999999896 -99.9999999999911 -99.9999999999909 -99.9999999999906 -99.9999999999903 -99.9999999999899 -99.9999999999898 -99.9999999999899 -99.9999999999902 -99.9999999999905 -99.9999999999906 -99.9999999999907 -99.9999999999907 -99.9999999999906 -99.9999999999904 -99.9999999999901 -99.99999999999 -100 -99.9999999999992 -99.9999999999993 -99.9999999999993 -99.9999999999994 -99.9999999999994 -99.9999999999994 -99.9999999999994 -99.9999999999993 -99.9999999999989 -99.9999999999993 -99.9999999999993 -99.9999999999994 -99.9999999999994 -99.9999999999995 -99.9999999999994 -99.9999999999993 -99.9999999999994 -99.9999999999992 -99.9999999999993 -99.9999999999995 -99.9999999999996 -99.9999999999994 -99.9999999999992 -99.9999999999992 -99.9999999999995 -99.9999999999996 -99.9999999999997 -99.9999999999998 -99.9999999999997 -99.9999999999995 -99.9999999999996 -99.9999999999997 -99.9999999999998 -99.9999999999999 -99.9999999999999 -99.9999999999999 -99.9999999999999 -99.9999999999999 -99.9999999999999 -99.9999999999999 -100 -100 -100 -100 -100 -100 -100 -99.9999999999999 -99.9999999999999 -99.9999999999999 -99.9999999999999 -99.9999999999998 -99.9999999999997 -99.9999999999996 -99.9999999999995 -99.9999999999994 -99.9999999999993 -99.9999999999991 -99.9999999999989 -99.9999999999986 -99.9999999999983 -99.9999999999979 -99.9999999999976 -99.9999999999974 -99.9999999999971 -99.9999999999969 -99.999999999996 -99.9999999999965 -99.9999999999964 -99.9999999999959 -99.9999999999951 -99.9999999999945 -99.999999999994 -99.999999999994 -99.9999999999935 -99.999999999993 -99.9999999999916 -99.9999999999913 -99.9999999999912 -99.9999999999917 -99.9999999999916 -99.9999999999914 -99.9999999999907 -99.9999999999898 -99.9999999999898 -99.9999999999899 -99.9999999999901 -99.9999999999893 -99.9999999999902 -99.9999999999909 -99.9999999999911 -99.9999999999914 -99.9999999999919 -99.9999999999923 -99.9999999999927 -99.9999999999933 -99.9999999999941 -99.9999999999947 -99.9999999999952 -99.9999999999957 -99.9999999999962 -99.9999999999967 -99.9999999999974 -99.9999999999984 -99.9999999999989 -99.9999999999994 -99.9999999999997 -99.9999999999999 -100 -99.9999999999999 -99.9999999999997 -99.9999999999993 -99.9999999999986 -99.9999999999974 -99.9999999999964 -99.999999999995 -99.9999999999933 -99.9999999999915 -99.9999999999891 -99.9999999999868 -99.999999999984 -99.9999999999815 -99.9999999999788 -99.999999999976 -99.9999999999733 -99.9999999999695 -99.9999999999665 -99.9999999999642 -99.9999999999625 -99.9999999999593 -99.9999999999569 -99.9999999999538 -99.9999999999536 -99.9999999999519 -99.9999999999504 -99.9999999999499 -99.9999999999503 -99.9999999999519 -99.9999999999541 -99.9999999999544 -99.9999999999562 -99.9999999999587 -99.9999999999628 -99.999999999967 -99.9999999999697 -99.9999999999734 -99.9999999999778 -99.9999999999816 -99.9999999999854 -99.9999999999889 -99.9999999999923 -99.9999999999952 -99.9999999999973 -99.9999999999989 -99.9999999999999 -100 -99.9999999999994 -99.9999999999979 -99.9999999999957 -99.9999999999927 -99.9999999999879 -99.999999999985 -99.9999999999798 -99.9999999999748 -99.9999999999688 -99.9999999999633 -99.9999999999581 -99.9999999999525 -99.9999999999468 -99.9999999999426 -99.9999999999375 -99.9999999999327 -99.9999999999295 -99.9999999999284 -99.9999999999283 -99.9999999999288 -99.9999999999307 -99.9999999999329 -99.9999999999367 -99.9999999999405 -99.9999999999454 -99.9999999999512 -99.9999999999577 -99.9999999999637 -99.9999999999699 -99.9999999999765 -99.9999999999823 -99.9999999999874 -99.9999999999916 -99.9999999999955 -99.9999999999978 -99.9999999999994 -100 -99.9999999999997 -99.9999999999982 -99.9999999999961 -99.999999999993 -99.9999999999897 -99.9999999999858 -99.9999999999811 -99.9999999999773 -99.999999999973 -99.9999999999705 -99.9999999999672 -99.9999999999653 -99.9999999999632 -99.9999999999619 -99.999999999962 -99.9999999999635 -99.9999999999647 -99.9999999999663 -99.9999999999692 -99.9999999999719 -99.9999999999763 -99.999999999981 -99.9999999999845 -99.9999999999874 -99.9999999999908 -99.9999999999942 -99.9999999999958 -99.9999999999978 -99.999999999999 -99.9999999999997 -100 -99.9999999999999 -99.9999999999994 -99.999999999999 -99.9999999999985 -99.9999999999976 -99.9999999999971 -99.9999999999967 -99.9999999999966 -99.9999999999963 -99.9999999999969 -99.9999999999973 -99.9999999999981 -99.9999999999985 -99.9999999999991 -99.9999999999996 -99.9999999999999 -100 -99.9999999999997 -99.9999999999992 -99.9999999999987 -99.9999999999976 -99.9999999999962 -99.9999999999953 -99.9999999999948 -99.9999999999933 -99.9999999999924 -99.999999999992 -99.9999999999919 -99.9999999999929 -99.9999999999942 -99.9999999999954 -99.9999999999966 -99.9999999999979 -99.999999999999 -99.9999999999997 -100 -99.999999999999 -99.9999999999968 -99.9999999999933 -99.9999999999905 -99.9999999999849 -99.9999999999767 -99.9999999999693 -99.9999999999615 -99.9999999999543 -99.9999999999448 -99.999999999935 -99.9999999999273 -99.9999999999208 -99.9999999999188 -99.9999999999152 -99.9999999999174 -99.9999999999193 -99.9999999999254 -99.9999999999341 -99.9999999999433 -99.9999999999546 -99.9999999999659 -99.9999999999767 -99.9999999999873 -99.999999999994 -99.9999999999988 -99.9999999999999 -99.999999999997 -99.9999999999895 -99.9999999999783 -99.9999999999634 -99.9999999999452 -99.9999999999231 -99.9999999999012 -99.9999999998774 -99.9999999998543 -99.9999999998334 -99.9999999998157 -99.9999999998022 -99.9999999997945 -99.9999999997916 -99.9999999997946 -99.9999999998034 -99.9999999998177 -99.9999999998367 -99.9999999998594 -99.9999999998843 -99.9999999999108 -99.9999999999358 -99.9999999999584 -99.9999999999771 -99.9999999999909 -99.9999999999986 -99.9999999999996 -99.9999999999939 -99.9999999999818 -99.9999999999638 -99.9999999999413 -99.9999999999152 -99.999999999887 -99.999999999859 -99.9999999998326 -99.9999999998093 -99.9999999997908 -99.9999999997781 -99.9999999997718 -99.9999999997722 -99.9999999997795 -99.9999999997932 -99.9999999998121 -99.9999999998353 -99.999999999861 -99.9999999998879 -99.9999999999146 -99.9999999999394 -99.999999999961 -99.9999999999783 -99.9999999999908 -99.999999999998 -100 -99.9999999999972 -99.9999999999905 -99.9999999999807 -99.9999999999691 -99.9999999999569 -99.9999999999454 -99.9999999999355 -99.9999999999282 -99.9999999999242 -99.9999999999238 -99.9999999999269 -99.9999999999331 -99.999999999942 -99.9999999999527 -99.9999999999642 -99.9999999999754 -99.9999999999854 -99.9999999999933 -99.9999999999983 -100]
