# 3D Scattering Centers from SAR Imaging
# Model: simple_missile
# Center angles (deg): 0   15   30   45   60   75   90  105  120  135  150  165  180
# Sub-aperture: 10.0 deg
# Window: hamming, CLEAN: maxIter=50, thresh=0.05, gain=0.50
# Total centers: 650
# Phase convention corrected: P_3d = -r*k_hat - x*k_perp
#
# Columns: x(m)  y(m)  z(m)  amplitude  source_theta(deg)
  -0.214859  0.000000  2.906250  1.635140e-03  0.0
  -0.214859  0.000000  2.887500  1.626344e-03  0.0
  0.000000  0.000000  2.906250  1.792148e-03  0.0
  0.000000  0.000000  2.925000  1.400603e-03  0.0
  -0.429718  0.000000  2.887500  1.353247e-03  0.0
  -0.214859  0.000000  2.906250  1.513070e-03  0.0
  -0.214859  0.000000  2.887500  1.217448e-03  0.0
  -0.429718  0.000000  2.868750  1.287603e-03  0.0
  0.000000  0.000000  2.906250  1.226878e-03  0.0
  0.214859  0.000000  2.925000  1.162386e-03  0.0
  -0.214859  0.000000  2.887500  1.112270e-03  0.0
  0.000000  0.000000  2.887500  1.073785e-03  0.0
  0.000000  0.000000  2.906250  1.134410e-03  0.0
  -0.214859  0.000000  2.868750  1.089841e-03  0.0
  0.000000  0.000000  2.925000  1.045299e-03  0.0
  -0.214859  0.000000  2.887500  9.816185e-04  0.0
  -0.214859  0.000000  2.906250  1.090680e-03  0.0
  -0.429718  0.000000  2.887500  1.061087e-03  0.0
  -0.429718  0.000000  2.868750  1.055793e-03  0.0
  -0.214859  0.000000  2.887500  9.395968e-04  0.0
  0.000000  0.000000  2.906250  9.513666e-04  0.0
  0.214859  0.000000  2.925000  9.258160e-04  0.0
  0.214859  0.000000  2.943750  9.293436e-04  0.0
  0.000000  0.000000  2.925000  1.008374e-03  0.0
  -0.214859  0.000000  2.906250  1.006221e-03  0.0
  -0.429718  0.000000  2.887500  9.075192e-04  0.0
  -0.644578  0.000000  2.868750  9.988961e-04  0.0
  -0.214859  0.000000  2.887500  8.001713e-04  0.0
  -0.429718  0.000000  2.868750  9.481830e-04  0.0
  0.000000  0.000000  2.906250  9.004672e-04  0.0
  -0.644578  0.000000  2.850000  8.341619e-04  0.0
  0.000000  0.000000  2.925000  8.284623e-04  0.0
  -0.214859  0.000000  2.906250  8.879073e-04  0.0
  -0.429718  0.000000  2.887500  9.154458e-04  0.0
  0.214859  0.000000  2.943750  8.603805e-04  0.0
  -0.214859  0.000000  2.887500  8.578039e-04  0.0
  -0.429718  0.000000  2.868750  9.218453e-04  0.0
  -0.214859  0.000000  2.925000  7.887128e-04  0.0
  -0.214859  0.000000  2.906250  8.595574e-04  0.0
  0.000000  0.000000  2.925000  8.533663e-04  0.0
  0.000000  0.000000  2.943750  9.125347e-04  0.0
  -0.429718  0.000000  2.887500  8.122527e-04  0.0
  -0.644578  0.000000  2.868750  8.291186e-04  0.0
  0.000000  0.000000  2.906250  8.082215e-04  0.0
  -0.214859  0.000000  2.887500  8.259258e-04  0.0
  -0.214859  0.000000  2.868750  8.293587e-04  0.0
  0.000000  0.000000  2.887500  8.135931e-04  0.0
  -0.429718  0.000000  2.850000  7.904400e-04  0.0
  -0.429718  0.000000  2.868750  8.175063e-04  0.0
  0.000000  0.000000  2.925000  7.413248e-04  0.0
  0.016104  0.000000  2.965633  2.148161e-04  15.0
  0.124726  0.000000  2.955940  2.319070e-04  15.0
  -0.092518  0.000000  2.975327  2.058974e-04  15.0
  0.016104  0.000000  2.965633  1.927813e-04  15.0
  -0.087665  0.000000  2.993438  1.846670e-04  15.0
  0.020957  0.000000  2.983745  2.178558e-04  15.0
  0.129579  0.000000  2.974051  2.045249e-04  15.0
  -0.196287  0.000000  3.003132  2.016486e-04  15.0
  -0.087665  0.000000  2.993438  1.744181e-04  15.0
  0.020957  0.000000  2.983745  1.837128e-04  15.0
  -0.201140  0.000000  2.985021  1.541371e-04  15.0
  -0.092518  0.000000  2.975327  1.761348e-04  15.0
  0.016104  0.000000  2.965633  1.616431e-04  15.0
  0.124726  0.000000  2.955940  1.671518e-04  15.0
  0.233348  0.000000  2.946246  1.686266e-04  15.0
  -0.196287  0.000000  3.003132  1.509790e-04  15.0
  -0.304909  0.000000  3.012826  1.735769e-04  15.0
  -0.087665  0.000000  2.993438  1.618675e-04  15.0
  -0.309762  0.000000  2.994715  1.526013e-04  15.0
  -0.201140  0.000000  2.985021  1.563346e-04  15.0
  -0.092518  0.000000  2.975327  1.671087e-04  15.0
  0.016104  0.000000  2.965633  1.576890e-04  15.0
  -0.196287  0.000000  3.003132  1.526225e-04  15.0
  0.124726  0.000000  2.955940  1.489897e-04  15.0
  -0.304909  0.000000  3.012826  1.449372e-04  15.0
  0.011251  0.000000  2.947522  1.414036e-04  15.0
  0.119873  0.000000  2.937829  1.490441e-04  15.0
  -0.314614  0.000000  2.976604  1.360144e-04  15.0
  -0.319467  0.000000  2.958492  1.509939e-04  15.0
  -0.210845  0.000000  2.948799  1.605409e-04  15.0
  -0.205993  0.000000  2.966910  1.485769e-04  15.0
  -0.201140  0.000000  2.985021  1.484266e-04  15.0
  -0.092518  0.000000  2.975327  1.663585e-04  15.0
  -0.215698  0.000000  2.930688  1.532223e-04  15.0
  0.016104  0.000000  2.965633  1.442450e-04  15.0
  -0.309762  0.000000  2.994715  1.392023e-04  15.0
  -0.201140  0.000000  2.985021  1.444651e-04  15.0
  -0.324320  0.000000  2.940381  1.440693e-04  15.0
  -0.205993  0.000000  2.966910  1.416046e-04  15.0
  -0.097371  0.000000  2.957216  1.580908e-04  15.0
  -0.092518  0.000000  2.975327  1.552662e-04  15.0
  0.011251  0.000000  2.947522  1.438609e-04  15.0
  -0.314614  0.000000  2.976604  1.424675e-04  15.0
  0.129579  0.000000  2.974051  1.420205e-04  15.0
  0.020957  0.000000  2.983745  1.456012e-04  15.0
  0.238201  0.000000  2.964357  1.384483e-04  15.0
  -0.097371  0.000000  2.957216  1.366163e-04  15.0
  -0.205993  0.000000  2.966910  1.446410e-04  15.0
  -0.201140  0.000000  2.985021  1.550178e-04  15.0
  -0.309762  0.000000  2.994715  1.522899e-04  15.0
  2.140456  0.000000  1.773646  1.054762e-04  30.0
  2.242868  0.000000  1.736169  1.189294e-04  30.0
  2.038044  0.000000  1.811122  1.184008e-04  30.0
  1.935632  0.000000  1.848599  1.022458e-04  30.0
  2.345279  0.000000  1.698692  9.833083e-05  30.0
  2.140456  0.000000  1.773646  9.679879e-05  30.0
  2.038044  0.000000  1.811122  9.850784e-05  30.0
  1.861346  0.000000  1.934790  9.548084e-05  30.0
  1.758934  0.000000  1.972267  1.133859e-04  30.0
  1.963757  0.000000  1.897313  1.110930e-04  30.0
  2.066169  0.000000  1.859836  1.015402e-04  30.0
  1.656522  0.000000  2.009744  9.915154e-05  30.0
  1.861346  0.000000  1.934790  9.239525e-05  30.0
  1.963757  0.000000  1.897313  9.640748e-05  30.0
  1.758934  0.000000  1.972267  9.639956e-05  30.0
  1.749559  0.000000  1.956029  9.515812e-05  30.0
  1.851971  0.000000  1.918552  1.098875e-04  30.0
  2.326529  0.000000  1.666216  9.567043e-05  30.0
  2.224118  0.000000  1.703693  9.908152e-05  30.0
  1.861346  0.000000  1.934790  9.175361e-05  30.0
  1.889471  0.000000  1.983504  8.771602e-05  30.0
  1.787059  0.000000  2.020981  9.447221e-05  30.0
  1.758934  0.000000  1.972267  9.693870e-05  30.0
  1.656522  0.000000  2.009744  8.839037e-05  30.0
  1.647147  0.000000  1.993506  9.827709e-05  30.0
  1.749559  0.000000  1.956029  9.523439e-05  30.0
  1.851971  0.000000  1.918552  9.038680e-05  30.0
  1.954382  0.000000  1.881075  9.892404e-05  30.0
  2.131081  0.000000  1.757408  8.650018e-05  30.0
  2.233493  0.000000  1.719931  9.144238e-05  30.0
  2.028669  0.000000  1.794884  9.025035e-05  30.0
  0.363382  0.000000  2.777989  8.573907e-05  30.0
  2.307779  0.000000  1.633740  8.557818e-05  30.0
  2.214743  0.000000  1.687455  8.168410e-05  30.0
  1.665897  0.000000  2.025982  7.980551e-05  30.0
  1.563485  0.000000  2.063458  8.850532e-05  30.0
  1.554110  0.000000  2.047220  8.418792e-05  30.0
  1.656522  0.000000  2.009744  9.566094e-05  30.0
  1.758934  0.000000  1.972267  9.747397e-05  30.0
  1.768309  0.000000  1.988505  9.984494e-05  30.0
  1.665897  0.000000  2.025982  8.500498e-05  30.0
  2.056794  0.000000  1.843598  8.447500e-05  30.0
  1.861346  0.000000  1.934790  8.250832e-05  30.0
  1.758934  0.000000  1.972267  8.840308e-05  30.0
  1.656522  0.000000  2.009744  8.937661e-05  30.0
  1.563485  0.000000  2.063458  8.650811e-05  30.0
  2.121706  0.000000  1.741170  8.510238e-05  30.0
  1.749559  0.000000  1.956029  8.451800e-05  30.0
  1.851971  0.000000  1.918552  9.012107e-05  30.0
  1.954382  0.000000  1.881075  9.308760e-05  30.0
  1.752592  0.000000  1.296806  8.567468e-05  45.0
  1.841814  0.000000  1.234100  9.688262e-05  45.0
  1.663369  0.000000  1.359512  9.671773e-05  45.0
  1.574147  0.000000  1.422218  9.022652e-05  45.0
  1.931036  0.000000  1.171395  8.260525e-05  45.0
  1.752592  0.000000  1.296806  7.842042e-05  45.0
  1.663369  0.000000  1.359512  8.145708e-05  45.0
  1.484924  0.000000  1.484924  7.736258e-05  45.0
  1.574147  0.000000  1.422218  7.708773e-05  45.0
  1.802039  0.000000  1.194326  7.743869e-05  45.0
  1.891262  0.000000  1.131620  8.115389e-05  45.0
  1.712817  0.000000  1.257032  7.893153e-05  45.0
  1.498182  0.000000  1.498182  7.323737e-05  45.0
  1.587405  0.000000  1.435477  7.855629e-05  45.0
  1.408960  0.000000  1.560888  7.736950e-05  45.0
  1.676627  0.000000  1.372771  7.472409e-05  45.0
  1.765850  0.000000  1.310065  7.852899e-05  45.0
  0.486634  0.000000  2.005918  6.910303e-05  45.0
  0.575856  0.000000  1.943212  7.541117e-05  45.0
  1.498182  0.000000  1.498182  6.875035e-05  45.0
  2.081882  0.000000  0.410670  6.787416e-05  45.0
  1.992659  0.000000  0.473376  6.860633e-05  45.0
  1.587405  0.000000  1.435477  6.789950e-05  45.0
  1.980484  0.000000  1.068914  6.807057e-05  45.0
  1.627180  0.000000  1.475251  6.799066e-05  45.0
  1.537957  0.000000  1.537957  7.358550e-05  45.0
  1.716402  0.000000  1.412545  7.144776e-05  45.0
  1.448735  0.000000  1.600663  7.005710e-05  45.0
  2.095140  0.000000  0.423928  6.780178e-05  45.0
  2.005918  0.000000  0.486634  7.498115e-05  45.0
  1.422218  0.000000  1.574147  6.751408e-05  45.0
  1.332996  0.000000  1.636853  7.955919e-05  45.0
  1.257032  0.000000  1.712817  6.900801e-05  45.0
  1.346254  0.000000  1.650111  7.555189e-05  45.0
  1.435477  0.000000  1.587405  7.447780e-05  45.0
  1.676627  0.000000  1.372771  6.884094e-05  45.0
  1.511441  0.000000  1.511441  6.761925e-05  45.0
  1.422218  0.000000  1.574147  7.048745e-05  45.0
  1.332996  0.000000  1.636853  6.853793e-05  45.0
  1.461993  0.000000  1.613921  6.842610e-05  45.0
  1.551216  0.000000  1.551216  7.587072e-05  45.0
  1.243773  0.000000  1.699559  6.621275e-05  45.0
  1.916695  0.000000  0.549340  6.520935e-05  45.0
  1.564474  0.000000  1.564474  6.344612e-05  45.0
  1.475251  0.000000  1.627180  6.782621e-05  45.0
  1.408960  0.000000  1.560888  6.652979e-05  45.0
  1.498182  0.000000  1.498182  7.214277e-05  45.0
  1.319738  0.000000  1.623594  7.073797e-05  45.0
  1.587405  0.000000  1.435477  6.789468e-05  45.0
  1.788781  0.000000  1.181067  6.572659e-05  45.0
  1.593852  0.000000  0.051868  2.598341e-04  60.0
  1.663805  0.000000  -0.031794  2.912838e-04  60.0
  1.523899  0.000000  0.135529  2.721417e-04  60.0
  1.733757  0.000000  -0.115456  2.633223e-04  60.0
  1.540137  0.000000  0.144904  2.543823e-04  60.0
  1.610090  0.000000  0.061243  2.826748e-04  60.0
  1.470184  0.000000  0.228566  2.680922e-04  60.0
  1.593852  0.000000  0.051868  2.371415e-04  60.0
  1.663805  0.000000  -0.031794  2.579240e-04  60.0
  1.540137  0.000000  0.144904  2.572975e-04  60.0
  1.486422  0.000000  0.237941  2.256933e-04  60.0
  1.416469  0.000000  0.321603  2.370063e-04  60.0
  1.647567  0.000000  -0.041169  2.334559e-04  60.0
  1.717519  0.000000  -0.124831  2.570403e-04  60.0
  1.787472  0.000000  -0.208493  2.513550e-04  60.0
  1.593852  0.000000  0.051868  2.360439e-04  60.0
  1.470184  0.000000  0.228566  2.302858e-04  60.0
  1.523899  0.000000  0.135529  2.455211e-04  60.0
  1.362755  0.000000  0.414640  2.380504e-04  60.0
  1.685043  0.000000  -0.143581  2.234425e-04  60.0
  1.754996  0.000000  -0.227243  2.475056e-04  60.0
  1.577614  0.000000  0.042493  2.331736e-04  60.0
  1.416469  0.000000  0.321603  2.378961e-04  60.0
  1.309040  0.000000  0.507676  2.329544e-04  60.0
  1.631329  0.000000  -0.050544  2.231527e-04  60.0
  1.470184  0.000000  0.228566  2.343488e-04  60.0
  1.701281  0.000000  -0.134206  2.319403e-04  60.0
  1.540137  0.000000  0.144904  2.363134e-04  60.0
  1.647567  0.000000  -0.041169  2.204881e-04  60.0
  1.808711  0.000000  -0.320279  2.295140e-04  60.0
  1.738758  0.000000  -0.236618  2.475365e-04  60.0
  1.486422  0.000000  0.237941  2.269468e-04  60.0
  1.577614  0.000000  0.042493  2.174756e-04  60.0
  1.416469  0.000000  0.321603  2.219465e-04  60.0
  1.400231  0.000000  0.312228  2.243326e-04  60.0
  1.470184  0.000000  0.228566  2.362133e-04  60.0
  1.631329  0.000000  -0.050544  2.323298e-04  60.0
  1.523899  0.000000  0.135529  2.289807e-04  60.0
  1.453946  0.000000  0.219191  2.283789e-04  60.0
  1.685043  0.000000  -0.143581  2.258807e-04  60.0
  1.792473  0.000000  -0.329654  2.232021e-04  60.0
  1.556375  0.000000  0.154279  2.190284e-04  60.0
  1.255325  0.000000  0.600713  2.185787e-04  60.0
  1.362755  0.000000  0.414640  2.130245e-04  60.0
  1.523899  0.000000  0.135529  2.208985e-04  60.0
  1.577614  0.000000  0.042493  2.337853e-04  60.0
  1.738758  0.000000  -0.236618  2.347864e-04  60.0
  1.470184  0.000000  0.228566  2.334168e-04  60.0
  1.631329  0.000000  -0.050544  2.371219e-04  60.0
  1.309040  0.000000  0.507676  2.369466e-04  60.0
  0.082138  0.000000  -0.089210  8.225454e-04  75.0
  0.109943  0.000000  -0.192979  9.964449e-04  75.0
  0.054333  0.000000  0.014559  9.927855e-04  75.0
  0.137748  0.000000  -0.296748  1.042302e-03  75.0
  0.026529  0.000000  0.118328  1.031352e-03  75.0
  0.165553  0.000000  -0.400517  9.803997e-04  75.0
  0.082138  0.000000  -0.089210  9.779144e-04  75.0
  -0.001276  0.000000  0.222097  1.043796e-03  75.0
  0.054333  0.000000  0.014559  1.030797e-03  75.0
  0.109943  0.000000  -0.192979  1.011610e-03  75.0
  0.082138  0.000000  -0.089210  1.016146e-03  75.0
  0.137748  0.000000  -0.296748  1.008519e-03  75.0
  0.026529  0.000000  0.118328  9.963670e-04  75.0
  0.109943  0.000000  -0.192979  1.015857e-03  75.0
  0.193357  0.000000  -0.504286  1.070766e-03  75.0
  0.165553  0.000000  -0.400517  1.073189e-03  75.0
  0.054333  0.000000  0.014559  9.909494e-04  75.0
  -0.029081  0.000000  0.325866  1.018589e-03  75.0
  0.137748  0.000000  -0.296748  1.002982e-03  75.0
  0.221162  0.000000  -0.608056  1.027406e-03  75.0
  0.082138  0.000000  -0.089210  9.775715e-04  75.0
  -0.001276  0.000000  0.222097  1.023769e-03  75.0
  0.109943  0.000000  -0.192979  9.550344e-04  75.0
  0.026529  0.000000  0.118328  1.017024e-03  75.0
  0.054333  0.000000  0.014559  1.062033e-03  75.0
  0.193357  0.000000  -0.504286  1.016248e-03  75.0
  0.165553  0.000000  -0.400517  9.714010e-04  75.0
  0.082138  0.000000  -0.089210  1.062484e-03  75.0
  0.137748  0.000000  -0.296748  1.046660e-03  75.0
  0.109943  0.000000  -0.192979  1.049242e-03  75.0
  0.155859  0.000000  -0.291896  9.415333e-04  75.0
  0.183664  0.000000  -0.395665  1.066667e-03  75.0
  0.128054  0.000000  -0.188127  1.000451e-03  75.0
  0.211469  0.000000  -0.499434  1.060541e-03  75.0
  0.239273  0.000000  -0.603203  9.860268e-04  75.0
  0.155859  0.000000  -0.291896  1.041269e-03  75.0
  0.183664  0.000000  -0.395665  9.886261e-04  75.0
  0.100249  0.000000  -0.084358  9.742612e-04  75.0
  0.072444  0.000000  0.019411  1.045518e-03  75.0
  0.128054  0.000000  -0.188127  1.044224e-03  75.0
  0.155859  0.000000  -0.291896  1.053097e-03  75.0
  0.211469  0.000000  -0.499434  1.000904e-03  75.0
  0.183664  0.000000  -0.395665  1.005355e-03  75.0
  0.100249  0.000000  -0.084358  1.051741e-03  75.0
  0.128054  0.000000  -0.188127  1.059362e-03  75.0
  0.044640  0.000000  0.123180  1.012936e-03  75.0
  0.072444  0.000000  0.019411  1.016847e-03  75.0
  0.155859  0.000000  -0.291896  1.039292e-03  75.0
  0.100249  0.000000  -0.084358  9.734012e-04  75.0
  0.128054  0.000000  -0.188127  1.034269e-03  75.0
  0.506250  0.000000  -1.181725  7.454801e-03  90.0
  0.487500  0.000000  -1.074296  8.405953e-03  90.0
  0.506250  0.000000  0.966866  7.408368e-03  90.0
  0.487500  0.000000  1.074296  8.343753e-03  90.0
  0.506250  0.000000  0.752007  7.566070e-03  90.0
  0.487500  0.000000  -0.859437  7.275691e-03  90.0
  0.506250  0.000000  -0.966866  7.033534e-03  90.0
  0.487500  0.000000  -0.644578  7.021915e-03  90.0
  0.525000  0.000000  0.644578  6.973476e-03  90.0
  0.487500  0.000000  0.859437  6.651429e-03  90.0
  0.506250  0.000000  0.859437  6.725428e-03  90.0
  0.487500  0.000000  0.966866  7.054534e-03  90.0
  0.506250  0.000000  -1.074296  6.531416e-03  90.0
  0.487500  0.000000  -0.966866  7.284686e-03  90.0
  0.525000  0.000000  -1.181725  6.538452e-03  90.0
  0.506250  0.000000  0.644578  6.436930e-03  90.0
  0.525000  0.000000  0.537148  6.524154e-03  90.0
  0.487500  0.000000  -0.537148  6.234879e-03  90.0
  0.506250  0.000000  -0.644578  6.850816e-03  90.0
  0.506250  0.000000  -1.074296  6.320945e-03  90.0
  0.468750  0.000000  1.074296  5.838532e-03  90.0
  0.487500  0.000000  0.752007  5.780811e-03  90.0
  0.506250  0.000000  0.644578  5.789799e-03  90.0
  0.468750  0.000000  -0.859437  5.718572e-03  90.0
  0.487500  0.000000  -0.966866  5.775369e-03  90.0
  0.487500  0.000000  0.966866  5.456308e-03  90.0
  0.506250  0.000000  0.752007  5.345812e-03  90.0
  0.487500  0.000000  -0.322289  5.328719e-03  90.0
  0.506250  0.000000  0.537148  5.321046e-03  90.0
  0.525000  0.000000  0.429718  6.033270e-03  90.0
  0.506250  0.000000  -0.752007  5.347704e-03  90.0
  0.506250  0.000000  0.859437  5.105140e-03  90.0
  0.525000  0.000000  0.322289  5.083137e-03  90.0
  0.506250  0.000000  0.429718  5.793048e-03  90.0
  0.468750  0.000000  -0.537148  5.074322e-03  90.0
  0.487500  0.000000  -0.644578  5.778714e-03  90.0
  0.506250  0.000000  -1.181725  5.130229e-03  90.0
  0.487500  0.000000  1.074296  4.814555e-03  90.0
  0.506250  0.000000  0.966866  5.433057e-03  90.0
  0.525000  0.000000  0.859437  5.074854e-03  90.0
  0.506250  0.000000  -0.966866  4.764536e-03  90.0
  0.487500  0.000000  -0.859437  5.202679e-03  90.0
  0.468750  0.000000  -0.322289  4.918518e-03  90.0
  0.487500  0.000000  -0.429718  5.034784e-03  90.0
  0.506250  0.000000  -0.429718  4.891480e-03  90.0
  0.525000  0.000000  -0.752007  5.042671e-03  90.0
  0.525000  0.000000  -1.181725  4.778443e-03  90.0
  0.506250  0.000000  -1.074296  4.727787e-03  90.0
  0.525000  0.000000  -1.074296  4.675177e-03  90.0
  0.506250  0.000000  -0.644578  4.601708e-03  90.0
  -0.073721  0.000000  -0.202685  5.043823e-05  105.0
  -0.083414  0.000000  -0.311307  5.733426e-05  105.0
  -0.064027  0.000000  -0.094063  5.726764e-05  105.0
  -0.054333  -0.000000  0.014559  5.205532e-05  105.0
  -0.093108  0.000000  -0.419929  5.084148e-05  105.0
  -0.073721  0.000000  -0.202685  4.654596e-05  105.0
  -0.064027  0.000000  -0.094063  4.813025e-05  105.0
  -0.083414  0.000000  -0.311307  4.540760e-05  105.0
  1.283336  0.000000  -0.788746  4.441194e-05  105.0
  1.273642  0.000000  -0.897368  5.161876e-05  105.0
  1.293030  0.000000  -0.680124  5.130805e-05  105.0
  1.263949  0.000000  -1.005990  5.014656e-05  105.0
  1.302724  0.000000  -0.571502  4.731987e-05  105.0
  1.254255  0.000000  -1.114612  4.414920e-05  105.0
  0.987694  0.000000  -0.153432  4.383582e-05  105.0
  0.997387  0.000000  -0.044811  5.183949e-05  105.0
  0.978000  0.000000  -0.262054  4.740605e-05  105.0
  1.007081  0.000000  0.063811  4.820180e-05  105.0
  1.005805  0.000000  -0.158285  4.483368e-05  105.0
  1.015498  0.000000  -0.049663  5.228955e-05  105.0
  0.996111  0.000000  -0.266907  4.932943e-05  105.0
  1.025192  0.000000  0.058958  4.599486e-05  105.0
  1.283336  0.000000  -0.788746  4.291839e-05  105.0
  1.273642  0.000000  -0.897368  4.468258e-05  105.0
  1.263949  0.000000  -1.005990  4.302259e-05  105.0
  1.293030  0.000000  -0.680124  4.321057e-05  105.0
  -0.044640  -0.000000  0.123180  4.276210e-05  105.0
  -0.054333  -0.000000  0.014559  4.471849e-05  105.0
  0.987694  0.000000  -0.153432  4.216277e-05  105.0
  1.005805  0.000000  -0.158285  4.610965e-05  105.0
  1.015498  0.000000  -0.049663  4.417955e-05  105.0
  0.997387  0.000000  -0.044811  4.533584e-05  105.0
  0.988970  0.000000  0.068664  4.497747e-05  105.0
  0.979276  0.000000  -0.039958  4.527846e-05  105.0
  -0.073721  0.000000  -0.202685  4.172750e-05  105.0
  0.969583  0.000000  -0.148580  4.105103e-05  105.0
  0.987694  0.000000  -0.153432  4.437688e-05  105.0
  0.978000  0.000000  -0.262054  4.802812e-05  105.0
  0.968306  0.000000  -0.370676  4.968890e-05  105.0
  0.996111  0.000000  -0.266907  4.265340e-05  105.0
  0.986417  0.000000  -0.375529  4.685767e-05  105.0
  1.005805  0.000000  -0.158285  4.416302e-05  105.0
  0.970859  0.000000  0.073517  4.148333e-05  105.0
  0.961165  0.000000  -0.035105  4.545685e-05  105.0
  0.951471  0.000000  -0.143727  4.907334e-05  105.0
  -0.064027  0.000000  -0.094063  4.097334e-05  105.0
  -0.193357  0.000000  -0.504286  4.092925e-05  105.0
  -0.183664  0.000000  -0.395665  4.477521e-05  105.0
  -0.072444  -0.000000  0.019411  4.224751e-05  105.0
  -0.082138  0.000000  -0.089210  4.717651e-05  105.0
  1.888606  0.000000  -0.966338  4.029484e-05  120.0
  1.926083  0.000000  -0.863926  4.635217e-05  120.0
  1.851129  0.000000  -1.068750  4.621049e-05  120.0
  1.813652  0.000000  -1.171162  4.318013e-05  120.0
  1.963560  0.000000  -0.761515  4.241206e-05  120.0
  1.888606  0.000000  -0.966338  3.813841e-05  120.0
  1.851129  0.000000  -1.068750  3.986750e-05  120.0
  1.797415  0.000000  -1.161787  3.892822e-05  120.0
  1.834891  0.000000  -1.059375  4.363822e-05  120.0
  1.759938  0.000000  -1.264199  4.298346e-05  120.0
  1.872368  0.000000  -0.956963  4.329910e-05  120.0
  1.797415  0.000000  -1.161787  3.644959e-05  120.0
  1.834891  0.000000  -1.059375  3.776474e-05  120.0
  1.909845  0.000000  -0.854551  3.558653e-05  120.0
  1.872368  0.000000  -0.956963  3.514593e-05  120.0
  1.776176  0.000000  -1.273574  3.508586e-05  120.0
  1.813652  0.000000  -1.171162  3.796723e-05  120.0
  2.082226  0.000000  -0.705978  3.493578e-05  120.0
  2.044750  0.000000  -0.808390  3.838988e-05  120.0
  2.119703  0.000000  -0.603566  3.609370e-05  120.0
  1.851129  0.000000  -1.068750  3.543390e-05  120.0
  1.722461  0.000000  -1.366610  3.405182e-05  120.0
  1.759938  0.000000  -1.264199  4.034361e-05  120.0
  1.797415  0.000000  -1.161787  3.625539e-05  120.0
  1.834891  0.000000  -1.059375  3.458137e-05  120.0
  1.958559  0.000000  -0.882676  3.388383e-05  120.0
  1.996036  0.000000  -0.780265  4.047433e-05  120.0
  1.706223  0.000000  -1.357235  3.335473e-05  120.0
  1.743700  0.000000  -1.254824  3.655168e-05  120.0
  1.781177  0.000000  -1.152412  3.465303e-05  120.0
  1.668746  0.000000  -1.459647  3.341423e-05  120.0
  1.991035  0.000000  -0.901426  3.278135e-05  120.0
  2.082226  0.000000  -0.705978  3.255022e-05  120.0
  2.028512  0.000000  -0.799015  3.284869e-05  120.0
  1.652508  0.000000  -1.450272  3.309234e-05  120.0
  1.689985  0.000000  -1.347860  3.445560e-05  120.0
  1.706223  0.000000  -1.357235  3.340662e-05  120.0
  1.743700  0.000000  -1.254824  3.351558e-05  120.0
  1.748701  0.000000  -1.133662  3.314743e-05  120.0
  1.786177  0.000000  -1.031250  3.616734e-05  120.0
  1.727462  0.000000  -1.245449  3.208808e-05  120.0
  1.711224  0.000000  -1.236074  3.218700e-05  120.0
  1.759938  0.000000  -1.264199  3.471067e-05  120.0
  1.722461  0.000000  -1.366610  3.306765e-05  120.0
  1.684984  0.000000  -1.469022  3.335832e-05  120.0
  1.797415  0.000000  -1.161787  3.273642e-05  120.0
  2.135941  0.000000  -0.612941  3.229819e-05  120.0
  2.173418  0.000000  -0.510529  3.733358e-05  120.0
  1.748701  0.000000  -1.133662  3.147286e-05  120.0
  1.764939  0.000000  -1.143037  3.176416e-05  120.0
  2.387905  0.000000  -1.324406  5.833247e-05  135.0
  2.325199  0.000000  -1.413628  6.548702e-05  135.0
  2.450611  0.000000  -1.235184  6.432669e-05  135.0
  2.262493  0.000000  -1.502851  5.631330e-05  135.0
  2.387905  0.000000  -1.324406  5.418039e-05  135.0
  2.325199  0.000000  -1.413628  5.492169e-05  135.0
  2.553091  0.000000  -1.185736  5.543151e-05  135.0
  2.490385  0.000000  -1.274958  5.781675e-05  135.0
  2.249234  0.000000  -1.489593  5.295244e-05  135.0
  2.311940  0.000000  -1.400370  5.828828e-05  135.0
  2.374646  0.000000  -1.311148  5.531545e-05  135.0
  2.186529  0.000000  -1.578815  5.576354e-05  135.0
  2.526575  0.000000  -1.159219  5.242678e-05  135.0
  2.249234  0.000000  -1.489593  4.869704e-05  135.0
  2.311940  0.000000  -1.400370  5.335210e-05  135.0
  2.629055  0.000000  -1.109772  4.788868e-05  135.0
  2.566350  0.000000  -1.198994  4.766059e-05  135.0
  2.262493  0.000000  -1.502851  4.608440e-05  135.0
  2.325199  0.000000  -1.413628  4.978388e-05  135.0
  2.199787  0.000000  -1.592073  4.840381e-05  135.0
  2.387905  0.000000  -1.324406  4.860673e-05  135.0
  2.186529  0.000000  -1.578815  4.591713e-05  135.0
  2.249234  0.000000  -1.489593  4.839884e-05  135.0
  2.463869  0.000000  -1.248442  4.784426e-05  135.0
  2.123823  0.000000  -1.668037  4.554176e-05  135.0
  2.401163  0.000000  -1.337664  4.514994e-05  135.0
  2.338457  0.000000  -1.426887  4.481205e-05  135.0
  2.262493  0.000000  -1.502851  5.174524e-05  135.0
  2.325199  0.000000  -1.413628  4.936896e-05  135.0
  2.110564  0.000000  -1.654779  4.606080e-05  135.0
  2.437352  0.000000  -1.221925  4.461294e-05  135.0
  2.186529  0.000000  -1.578815  4.439555e-05  135.0
  2.173270  0.000000  -1.565557  4.184444e-05  135.0
  2.401163  0.000000  -1.337664  4.161491e-05  135.0
  2.338457  0.000000  -1.426887  4.492133e-05  135.0
  2.374646  0.000000  -1.311148  4.251857e-05  135.0
  2.120237  0.000000  -1.512524  4.084084e-05  135.0
  2.057531  0.000000  -1.601746  4.168782e-05  135.0
  2.629055  0.000000  -1.109772  4.007144e-05  135.0
  2.553091  0.000000  -1.185736  4.485617e-05  135.0
  2.615797  0.000000  -1.096513  4.320813e-05  135.0
  2.123823  0.000000  -1.668037  3.937980e-05  135.0
  2.186529  0.000000  -1.578815  4.054937e-05  135.0
  2.414421  0.000000  -1.350922  4.182643e-05  135.0
  2.477127  0.000000  -1.261700  4.345665e-05  135.0
  2.249234  0.000000  -1.489593  4.346584e-05  135.0
  2.262493  0.000000  -1.502851  4.260317e-05  135.0
  2.199787  0.000000  -1.592073  4.892159e-05  135.0
  2.137081  0.000000  -1.681296  4.201885e-05  135.0
  2.311940  0.000000  -1.400370  4.188980e-05  135.0
  0.736956  0.000000  -2.995319  1.327938e-04  150.0
  0.820618  0.000000  -2.925366  1.355406e-04  150.0
  0.643919  0.000000  -3.049033  1.326924e-04  150.0
  0.727581  0.000000  -2.979081  1.398149e-04  150.0
  0.653294  0.000000  -3.065271  1.173306e-04  150.0
  0.736956  0.000000  -2.995319  1.160809e-04  150.0
  0.560257  0.000000  -3.118986  1.050912e-04  150.0
  0.643919  0.000000  -3.049033  1.213108e-04  150.0
  0.829993  0.000000  -2.941604  1.042379e-04  150.0
  0.913654  0.000000  -2.871651  1.193349e-04  150.0
  0.550882  0.000000  -3.102748  9.860884e-05  150.0
  0.634544  0.000000  -3.032795  1.074927e-04  150.0
  0.718206  0.000000  -2.962843  9.790714e-05  150.0
  0.467221  0.000000  -3.172701  8.746559e-05  150.0
  0.746331  0.000000  -3.011557  8.854531e-05  150.0
  0.829993  0.000000  -2.941604  1.000333e-04  150.0
  0.550882  0.000000  -3.102748  9.403653e-05  150.0
  0.634544  0.000000  -3.032795  9.074877e-05  150.0
  0.560257  0.000000  -3.118986  9.009347e-05  150.0
  0.643919  0.000000  -3.049033  9.897867e-05  150.0
  0.923029  0.000000  -2.887889  9.053096e-05  150.0
  0.839368  0.000000  -2.957842  9.847499e-05  150.0
  0.476596  0.000000  -3.188939  8.083447e-05  150.0
  0.560257  0.000000  -3.118986  9.087455e-05  150.0
  0.653294  0.000000  -3.065271  8.912547e-05  150.0
  0.569632  0.000000  -3.135224  8.843069e-05  150.0
  0.932404  0.000000  -2.904127  8.585769e-05  150.0
  1.016066  0.000000  -2.834174  8.664307e-05  150.0
  0.736956  0.000000  -2.995319  8.673314e-05  150.0
  0.643919  0.000000  -3.049033  8.503763e-05  150.0
  0.727581  0.000000  -2.979081  9.060998e-05  150.0
  0.811243  0.000000  -2.909128  8.751634e-05  150.0
  0.560257  0.000000  -3.118986  8.218502e-05  150.0
  0.653294  0.000000  -3.065271  8.544494e-05  150.0
  0.746331  0.000000  -3.011557  8.468176e-05  150.0
  0.467221  0.000000  -3.172701  9.016178e-05  150.0
  0.923029  0.000000  -2.887889  7.525466e-05  150.0
  1.006691  0.000000  -2.817936  8.814023e-05  150.0
  0.839368  0.000000  -2.957842  8.607255e-05  150.0
  0.560257  0.000000  -3.118986  7.653574e-05  150.0
  0.476596  0.000000  -3.188939  8.573526e-05  150.0
  0.643919  0.000000  -3.049033  8.099366e-05  150.0
  0.727581  0.000000  -2.979081  8.448193e-05  150.0
  0.923029  0.000000  -2.887889  8.047896e-05  150.0
  0.653294  0.000000  -3.065271  7.575795e-05  150.0
  0.736956  0.000000  -2.995319  8.451835e-05  150.0
  0.569632  0.000000  -3.135224  7.915474e-05  150.0
  0.829993  0.000000  -2.941604  7.895995e-05  150.0
  0.560257  0.000000  -3.118986  7.725177e-05  150.0
  0.643919  0.000000  -3.049033  9.013755e-05  150.0
  0.692100  0.000000  -2.998027  4.898763e-04  165.0
  0.795869  0.000000  -2.970222  4.857754e-04  165.0
  0.696952  0.000000  -3.016138  5.337216e-04  165.0
  0.593183  0.000000  -3.043943  4.379058e-04  165.0
  0.800721  0.000000  -2.988333  4.008417e-04  165.0
  0.899638  0.000000  -2.942417  4.396094e-04  165.0
  0.795869  0.000000  -2.970222  3.778182e-04  165.0
  0.696952  0.000000  -3.016138  4.040575e-04  165.0
  0.598036  0.000000  -3.062054  3.586146e-04  165.0
  0.894785  0.000000  -2.924306  3.532441e-04  165.0
  0.795869  0.000000  -2.970222  3.392390e-04  165.0
  0.692100  0.000000  -2.998027  3.771267e-04  165.0
  0.791016  0.000000  -2.952111  3.742933e-04  165.0
  0.593183  0.000000  -3.043943  3.353258e-04  165.0
  0.692100  0.000000  -2.998027  3.221707e-04  165.0
  1.003407  0.000000  -2.914612  3.247724e-04  165.0
  0.696952  0.000000  -3.016138  3.213646e-04  165.0
  0.795869  0.000000  -2.970222  3.396265e-04  165.0
  0.899638  0.000000  -2.942417  3.473649e-04  165.0
  0.998554  0.000000  -2.896501  3.073856e-04  165.0
  0.800721  0.000000  -2.988333  2.921859e-04  165.0
  0.494267  0.000000  -3.089859  2.974864e-04  165.0
  0.593183  0.000000  -3.043943  3.054754e-04  165.0
  0.696952  0.000000  -3.016138  2.943051e-04  165.0
  0.899638  0.000000  -2.942417  2.931341e-04  165.0
  0.795869  0.000000  -2.970222  3.417224e-04  165.0
  0.894785  0.000000  -2.924306  3.398394e-04  165.0
  0.598036  0.000000  -3.062054  2.945621e-04  165.0
  0.692100  0.000000  -2.998027  2.868571e-04  165.0
  0.795869  0.000000  -2.970222  2.836948e-04  165.0
  0.696952  0.000000  -3.016138  3.064538e-04  165.0
  1.107176  0.000000  -2.886807  2.895111e-04  165.0
  0.593183  0.000000  -3.043943  2.651561e-04  165.0
  0.692100  0.000000  -2.998027  2.610188e-04  165.0
  0.791016  0.000000  -2.952111  2.932979e-04  165.0
  1.003407  0.000000  -2.914612  2.766960e-04  165.0
  1.102323  0.000000  -2.868696  2.805777e-04  165.0
  0.795869  0.000000  -2.970222  2.758572e-04  165.0
  0.899638  0.000000  -2.942417  2.813816e-04  165.0
  0.998554  0.000000  -2.896501  2.913603e-04  165.0
  0.894785  0.000000  -2.924306  2.694142e-04  165.0
  0.494267  0.000000  -3.089859  2.624619e-04  165.0
  0.692100  0.000000  -2.998027  2.583291e-04  165.0
  0.795869  0.000000  -2.970222  2.925726e-04  165.0
  0.593183  0.000000  -3.043943  2.883119e-04  165.0
  0.696952  0.000000  -3.016138  3.054405e-04  165.0
  0.598036  0.000000  -3.062054  2.677959e-04  165.0
  0.499120  0.000000  -3.107970  2.609629e-04  165.0
  0.800721  0.000000  -2.988333  2.512419e-04  165.0
  0.899638  0.000000  -2.942417  2.906012e-04  165.0
  0.429718  0.000000  -3.018750  1.219845e-02  180.0
  0.644578  0.000000  -3.018750  1.266934e-02  180.0
  0.214859  0.000000  -3.018750  1.265574e-02  180.0
  0.000000  0.000000  -3.018750  1.155695e-02  180.0
  -0.429718  0.000000  -3.000000  1.110561e-02  180.0
  -0.644578  0.000000  -3.000000  1.288333e-02  180.0
  0.429718  0.000000  -3.018750  1.141945e-02  180.0
  0.644578  0.000000  -3.000000  1.192108e-02  180.0
  -0.429718  0.000000  -2.981250  1.174598e-02  180.0
  -0.214859  0.000000  -2.981250  1.168689e-02  180.0
  0.429718  0.000000  -3.000000  1.168879e-02  180.0
  0.214859  0.000000  -3.018750  1.358206e-02  180.0
  -0.644578  0.000000  -2.981250  1.193628e-02  180.0
  -0.859437  0.000000  -3.000000  1.188552e-02  180.0
  -0.214859  0.000000  -3.000000  1.139607e-02  180.0
  0.000000  0.000000  -2.981250  1.196533e-02  180.0
  -0.429718  0.000000  -3.000000  1.074368e-02  180.0
  -0.644578  0.000000  -3.000000  1.144895e-02  180.0
  0.429718  0.000000  -3.018750  1.092356e-02  180.0
  -0.214859  0.000000  -3.000000  1.093111e-02  180.0
  0.000000  0.000000  -3.000000  1.200614e-02  180.0
  0.214859  0.000000  -3.000000  1.172024e-02  180.0
  0.429718  0.000000  -3.000000  1.170073e-02  180.0
  0.644578  0.000000  -3.000000  1.315063e-02  180.0
  0.859437  0.000000  -3.000000  1.129101e-02  180.0
  -0.429718  0.000000  -3.000000  1.088505e-02  180.0
  -0.214859  0.000000  -3.000000  1.141553e-02  180.0
  0.000000  0.000000  -3.000000  1.216583e-02  180.0
  0.214859  0.000000  -3.000000  1.292419e-02  180.0
  0.429718  0.000000  -3.000000  1.215494e-02  180.0
  0.644578  0.000000  -3.000000  1.091936e-02  180.0
  0.214859  0.000000  -3.018750  1.088799e-02  180.0
  0.000000  0.000000  -3.018750  1.046328e-02  180.0
  -0.214859  0.000000  -3.018750  1.131488e-02  180.0
  0.214859  0.000000  -3.000000  1.094219e-02  180.0
  0.000000  0.000000  -3.000000  1.301582e-02  180.0
  0.429718  0.000000  -3.000000  1.152306e-02  180.0
  -0.214859  0.000000  -3.000000  1.147189e-02  180.0
  -0.429718  0.000000  -3.018750  1.186687e-02  180.0
  0.214859  0.000000  -3.000000  1.060779e-02  180.0
  0.000000  0.000000  -3.000000  1.107083e-02  180.0
  -0.214859  0.000000  -3.018750  1.135850e-02  180.0
  -0.859437  0.000000  -3.000000  1.075770e-02  180.0
  -0.644578  0.000000  -3.000000  1.176312e-02  180.0
  -0.429718  0.000000  -3.000000  1.148652e-02  180.0
  -0.214859  0.000000  -3.000000  1.221838e-02  180.0
  -1.074296  0.000000  -3.000000  1.173628e-02  180.0
  -0.859437  0.000000  -2.981250  1.091274e-02  180.0
  0.000000  0.000000  -3.000000  1.088315e-02  180.0
  0.214859  0.000000  -3.000000  1.199354e-02  180.0
