# 3D Scattering Centers Reconstruction
# Model: rocket
# Reference point: [0.0000, 0.0000, 0.9500] m
# Center angles (deg): 0   30   60   90  120  150  180
# Aperture: 10.0 deg
# Total centers: 210
#
# Columns: x(m)  y(m)  z(m)  amplitude  source_theta(deg)
  -0.050756  0.000000  2.900000  1.648216e+01  0.0
  0.050756  0.000000  2.900000  1.223669e+01  0.0
  -0.050756  0.000000  2.900000  1.648216e+01  0.0
  -0.152268  0.000000  2.900000  9.525957e+00  0.0
  -0.050756  0.000000  2.900000  1.648216e+01  0.0
  0.050756  0.000000  2.900000  1.223669e+01  0.0
  -0.050756  0.000000  2.900000  1.648216e+01  0.0
  -0.152268  0.000000  2.900000  9.525957e+00  0.0
  -0.050756  0.000000  2.900000  1.648216e+01  0.0
  0.050756  0.000000  2.900000  1.223669e+01  0.0
  -0.050756  0.000000  2.900000  1.648216e+01  0.0
  -0.152268  0.000000  2.900000  9.525957e+00  0.0
  -0.050756  0.000000  2.900000  1.648216e+01  0.0
  0.000000  0.000000  2.912500  1.354560e+01  0.0
  -0.101512  0.000000  2.887500  1.277664e+01  0.0
  -0.050756  0.000000  2.900000  1.648216e+01  0.0
  0.050756  0.000000  2.900000  1.223669e+01  0.0
  -0.050756  0.000000  2.900000  1.648216e+01  0.0
  -0.152268  0.000000  2.900000  9.525957e+00  0.0
  -0.050756  0.000000  2.900000  1.648216e+01  0.0
  0.050756  0.000000  2.900000  1.223669e+01  0.0
  -0.050756  0.000000  2.900000  1.648216e+01  0.0
  -0.152268  0.000000  2.900000  9.525957e+00  0.0
  -0.050756  0.000000  2.900000  1.648216e+01  0.0
  0.050756  0.000000  2.900000  1.223669e+01  0.0
  -0.050756  0.000000  2.900000  1.648216e+01  0.0
  -0.152268  0.000000  2.900000  9.525957e+00  0.0
  -0.050756  0.000000  2.900000  1.648216e+01  0.0
  0.050756  0.000000  2.900000  1.223669e+01  0.0
  0.000000  0.000000  2.887500  1.411689e+01  0.0
  0.582946  0.000000  2.607922  1.811265e+01  30.0
  0.635333  0.000000  2.592111  1.728351e+01  30.0
  0.530559  0.000000  2.623734  1.679261e+01  30.0
  0.582946  0.000000  2.607922  1.811265e+01  30.0
  0.478172  0.000000  2.639546  1.384766e+01  30.0
  0.530559  0.000000  2.623734  1.679261e+01  30.0
  0.687720  0.000000  2.576299  1.454436e+01  30.0
  0.635333  0.000000  2.592111  1.728351e+01  30.0
  0.582946  0.000000  2.607922  1.811265e+01  30.0
  0.675220  0.000000  2.554648  1.573736e+01  30.0
  0.727607  0.000000  2.538836  1.325987e+01  30.0
  0.779994  0.000000  2.523024  9.855756e+00  30.0
  0.490672  0.000000  2.661197  1.572705e+01  30.0
  0.438285  0.000000  2.677009  1.306445e+01  30.0
  0.385898  0.000000  2.692820  9.678790e+00  30.0
  0.582946  0.000000  2.607922  1.811265e+01  30.0
  0.530559  0.000000  2.623734  1.679261e+01  30.0
  0.635333  0.000000  2.592111  1.728351e+01  30.0
  0.582946  0.000000  2.607922  1.811265e+01  30.0
  0.478172  0.000000  2.639546  1.384766e+01  30.0
  0.530559  0.000000  2.623734  1.679261e+01  30.0
  0.438285  0.000000  2.677009  1.306445e+01  30.0
  0.622833  0.000000  2.570460  1.646075e+01  30.0
  0.675220  0.000000  2.554648  1.573736e+01  30.0
  0.727607  0.000000  2.538836  1.325987e+01  30.0
  0.530559  0.000000  2.623734  1.679261e+01  30.0
  0.582946  0.000000  2.607922  1.811265e+01  30.0
  0.635333  0.000000  2.592111  1.728351e+01  30.0
  0.687720  0.000000  2.576299  1.454436e+01  30.0
  0.536809  0.000000  2.634560  1.744900e+01  30.0
  1.796024  0.000000  0.114196  9.287263e+00  60.0
  1.758561  0.000000  0.154083  8.968899e+00  60.0
  1.721099  0.000000  0.193970  8.070975e+00  60.0
  1.833486  0.000000  0.074309  9.017084e+00  60.0
  1.870949  0.000000  0.034422  8.295385e+00  60.0
  1.796024  0.000000  0.114196  9.287263e+00  60.0
  1.758561  0.000000  0.154083  8.968899e+00  60.0
  1.833486  0.000000  0.074309  9.017084e+00  60.0
  1.796024  0.000000  0.114196  9.287263e+00  60.0
  1.902572  0.000000  -0.070352  8.178847e+00  60.0
  1.865110  0.000000  -0.030465  8.649415e+00  60.0
  1.827647  0.000000  0.009422  8.878079e+00  60.0
  1.940035  0.000000  -0.110239  7.428628e+00  60.0
  1.902572  0.000000  -0.070352  8.178847e+00  60.0
  1.865110  0.000000  -0.030465  8.649415e+00  60.0
  1.742749  0.000000  0.206470  8.819361e+00  60.0
  1.705287  0.000000  0.246357  8.083672e+00  60.0
  1.667824  0.000000  0.286244  7.013700e+00  60.0
  1.774373  0.000000  0.101696  8.903533e+00  60.0
  1.811835  0.000000  0.061809  9.172520e+00  60.0
  1.849298  0.000000  0.021922  8.916208e+00  60.0
  1.902572  0.000000  -0.070352  8.178847e+00  60.0
  1.955847  0.000000  -0.162626  7.379208e+00  60.0
  1.780212  0.000000  0.166583  9.049738e+00  60.0
  1.742749  0.000000  0.206470  8.819361e+00  60.0
  1.705287  0.000000  0.246357  8.083672e+00  60.0
  1.918384  0.000000  -0.122739  8.036249e+00  60.0
  1.865110  0.000000  -0.030465  8.649415e+00  60.0
  1.811835  0.000000  0.061809  9.172520e+00  60.0
  1.758561  0.000000  0.154083  8.968899e+00  60.0
  0.500000  0.000000  0.426195  1.949176e+02  90.0
  0.500000  0.000000  0.319646  1.948804e+02  90.0
  0.500000  0.000000  0.213097  1.919447e+02  90.0
  0.500000  0.000000  0.532743  1.944960e+02  90.0
  0.500000  0.000000  0.639292  1.928129e+02  90.0
  0.500000  0.000000  0.426195  1.949176e+02  90.0
  0.500000  0.000000  0.319646  1.948804e+02  90.0
  0.500000  0.000000  0.532743  1.944960e+02  90.0
  0.500000  0.000000  0.426195  1.949176e+02  90.0
  0.500000  0.000000  0.745841  1.878778e+02  90.0
  0.500000  0.000000  0.639292  1.928129e+02  90.0
  0.500000  0.000000  0.532743  1.944960e+02  90.0
  0.500000  0.000000  0.852390  1.777888e+02  90.0
  0.500000  0.000000  0.745841  1.878778e+02  90.0
  0.500000  0.000000  0.639292  1.928129e+02  90.0
  0.500000  0.000000  0.532743  1.944960e+02  90.0
  0.500000  0.000000  0.426195  1.949176e+02  90.0
  0.500000  0.000000  0.319646  1.948804e+02  90.0
  0.500000  0.000000  0.213097  1.919447e+02  90.0
  0.500000  0.000000  0.106549  1.650134e+02  90.0
  0.500000  0.000000  0.319646  1.948804e+02  90.0
  0.500000  0.000000  0.426195  1.949176e+02  90.0
  0.500000  0.000000  0.213097  1.919447e+02  90.0
  0.500000  0.000000  0.532743  1.944960e+02  90.0
  0.500000  0.000000  0.319646  1.948804e+02  90.0
  0.500000  0.000000  0.426195  1.949176e+02  90.0
  0.500000  0.000000  0.639292  1.928129e+02  90.0
  0.500000  0.000000  0.532743  1.944960e+02  90.0
  0.500000  0.000000  0.745841  1.878778e+02  90.0
  0.500000  0.000000  0.639292  1.928129e+02  90.0
  0.895219  0.000000  -0.824435  4.042792e+00  120.0
  0.879407  0.000000  -0.876822  3.870192e+00  120.0
  0.863596  0.000000  -0.929209  2.441795e+00  120.0
  0.911031  0.000000  -0.772048  2.821599e+00  120.0
  0.895219  0.000000  -0.824435  4.042792e+00  120.0
  0.879407  0.000000  -0.876822  3.870192e+00  120.0
  0.906045  0.000000  -0.830685  4.027974e+00  120.0
  0.921856  0.000000  -0.778298  3.462843e+00  120.0
  0.852770  0.000000  -0.922959  3.102052e+00  120.0
  0.868582  0.000000  -0.870572  3.933196e+00  120.0
  0.937668  0.000000  -0.725911  1.991083e+00  120.0
  0.921856  0.000000  -0.778298  3.462843e+00  120.0
  0.906045  0.000000  -0.830685  4.027974e+00  120.0
  0.852770  0.000000  -0.922959  3.102052e+00  120.0
  0.836958  0.000000  -0.975346  1.608542e+00  120.0
  0.890233  0.000000  -0.883072  3.078125e+00  120.0
  0.906045  0.000000  -0.830685  4.027974e+00  120.0
  0.921856  0.000000  -0.778298  3.462843e+00  120.0
  0.937668  0.000000  -0.725911  1.991083e+00  120.0
  0.879407  0.000000  -0.876822  3.870192e+00  120.0
  0.895219  0.000000  -0.824435  4.042792e+00  120.0
  0.948494  0.000000  -0.732161  2.449341e+00  120.0
  0.863596  0.000000  -0.929209  2.441795e+00  120.0
  0.879407  0.000000  -0.876822  3.870192e+00  120.0
  0.932682  0.000000  -0.784548  3.500252e+00  120.0
  0.826133  0.000000  -0.969096  2.057175e+00  120.0
  0.879407  0.000000  -0.876822  3.870192e+00  120.0
  0.906045  0.000000  -0.830685  4.027974e+00  120.0
  0.852770  0.000000  -0.922959  3.102052e+00  120.0
  0.959319  0.000000  -0.738411  2.521967e+00  120.0
  0.723524  0.000000  -1.040083  7.684205e+00  150.0
  0.683637  0.000000  -1.077545  6.319402e+00  150.0
  0.763411  0.000000  -1.002620  5.932461e+00  150.0
  0.723524  0.000000  -1.040083  7.684205e+00  150.0
  0.769661  0.000000  -1.013446  7.262254e+00  150.0
  0.729774  0.000000  -1.050908  7.342444e+00  150.0
  0.689887  0.000000  -1.088371  4.737682e+00  150.0
  0.809548  0.000000  -0.975983  4.531634e+00  150.0
  0.769661  0.000000  -1.013446  7.262254e+00  150.0
  0.729774  0.000000  -1.050908  7.342444e+00  150.0
  0.637500  0.000000  -1.104182  4.343252e+00  150.0
  0.677387  0.000000  -1.066720  6.536502e+00  150.0
  0.769661  0.000000  -1.013446  7.262254e+00  150.0
  0.809548  0.000000  -0.975983  4.531634e+00  150.0
  0.723524  0.000000  -1.040083  7.684205e+00  150.0
  0.815798  0.000000  -0.986808  5.509894e+00  150.0
  0.631250  0.000000  -1.093357  4.409612e+00  150.0
  0.723524  0.000000  -1.040083  7.684205e+00  150.0
  0.769661  0.000000  -1.013446  7.262254e+00  150.0
  0.677387  0.000000  -1.066720  6.536502e+00  150.0
  0.861935  0.000000  -0.960171  3.307591e+00  150.0
  0.769661  0.000000  -1.013446  7.262254e+00  150.0
  0.729774  0.000000  -1.050908  7.342444e+00  150.0
  0.637500  0.000000  -1.104182  4.343252e+00  150.0
  0.597613  0.000000  -1.141645  1.850572e+00  150.0
  0.683637  0.000000  -1.077545  6.319402e+00  150.0
  0.723524  0.000000  -1.040083  7.684205e+00  150.0
  0.763411  0.000000  -1.002620  5.932461e+00  150.0
  0.803298  0.000000  -0.965158  2.821883e+00  150.0
  0.775911  0.000000  -1.024271  6.883253e+00  150.0
  0.000000  0.000000  -0.500000  1.429651e+03  180.0
  -0.053274  0.000000  -0.512500  1.243746e+03  180.0
  0.053274  0.000000  -0.487500  1.216687e+03  180.0
  0.000000  0.000000  -0.500000  1.429651e+03  180.0
  0.106549  0.000000  -0.500000  1.295314e+03  180.0
  0.159823  0.000000  -0.487500  9.919955e+02  180.0
  -0.106549  0.000000  -0.500000  1.295314e+03  180.0
  -0.159823  0.000000  -0.512500  1.010259e+03  180.0
  0.053274  0.000000  -0.512500  1.243746e+03  180.0
  0.106549  0.000000  -0.500000  1.295314e+03  180.0
  -0.053274  0.000000  -0.512500  1.243746e+03  180.0
  0.000000  0.000000  -0.500000  1.429651e+03  180.0
  -0.106549  0.000000  -0.500000  1.295314e+03  180.0
  -0.213097  0.000000  -0.500000  9.174810e+02  180.0
  0.000000  0.000000  -0.500000  1.429651e+03  180.0
  0.106549  0.000000  -0.500000  1.295314e+03  180.0
  0.213097  0.000000  -0.500000  9.174810e+02  180.0
  -0.106549  0.000000  -0.500000  1.295314e+03  180.0
  0.000000  0.000000  -0.500000  1.429651e+03  180.0
  0.106549  0.000000  -0.500000  1.295314e+03  180.0
  0.213097  0.000000  -0.500000  9.174810e+02  180.0
  0.266372  0.000000  -0.487500  6.037180e+02  180.0
  0.159823  0.000000  -0.487500  9.919955e+02  180.0
  0.106549  0.000000  -0.500000  1.295314e+03  180.0
  0.053274  0.000000  -0.512500  1.243746e+03  180.0
  -0.053274  0.000000  -0.512500  1.243746e+03  180.0
  -0.159823  0.000000  -0.512500  1.010259e+03  180.0
  -0.266372  0.000000  -0.512500  6.088947e+02  180.0
  0.000000  0.000000  -0.500000  1.429651e+03  180.0
  -0.106549  0.000000  -0.500000  1.295314e+03  180.0
