# 3D Scattering Centers Reconstruction
# Model: rocket
# Reference point: [0.0000, 0.0000, 0.9500] m
# Center angles (deg): 30   35   40   45   50   55   60   65   70   75   80   85   90   95  100  105  110  115  120  125  130  135  140  145  150
# Aperture: 3.0 deg
# Total centers: 750
#
# Columns: x(m)  y(m)  z(m)  amplitude  source_theta(deg)
  1.067864  0.000000  2.327955  1.372861e+01  30.0
  1.150718  0.000000  2.280119  9.391200e+00  30.0
  1.067864  0.000000  2.327955  1.372861e+01  30.0
  1.115541  0.000000  2.314862  1.173929e+01  30.0
  1.020187  0.000000  2.341048  9.968544e+00  30.0
  1.067864  0.000000  2.327955  1.372861e+01  30.0
  1.150718  0.000000  2.280119  9.391200e+00  30.0
  1.067864  0.000000  2.327955  1.372861e+01  30.0
  1.150718  0.000000  2.280119  9.391200e+00  30.0
  1.067864  0.000000  2.327955  1.372861e+01  30.0
  1.026437  0.000000  2.351873  1.200382e+01  30.0
  1.109291  0.000000  2.304037  1.267838e+01  30.0
  1.026437  0.000000  2.351873  1.200382e+01  30.0
  1.109291  0.000000  2.304037  1.267838e+01  30.0
  1.026437  0.000000  2.351873  1.200382e+01  30.0
  1.109291  0.000000  2.304037  1.267838e+01  30.0
  1.026437  0.000000  2.351873  1.200382e+01  30.0
  1.109291  0.000000  2.304037  1.267838e+01  30.0
  1.192146  0.000000  2.256201  5.513154e+00  30.0
  1.109291  0.000000  2.304037  1.267838e+01  30.0
  1.026437  0.000000  2.351873  1.200382e+01  30.0
  1.109291  0.000000  2.304037  1.267838e+01  30.0
  1.192146  0.000000  2.256201  5.513154e+00  30.0
  1.109291  0.000000  2.304037  1.267838e+01  30.0
  1.026437  0.000000  2.351873  1.200382e+01  30.0
  1.109291  0.000000  2.304037  1.267838e+01  30.0
  1.192146  0.000000  2.256201  5.513154e+00  30.0
  1.109291  0.000000  2.304037  1.267838e+01  30.0
  1.026437  0.000000  2.351873  1.200382e+01  30.0
  1.109291  0.000000  2.304037  1.267838e+01  30.0
  1.155813  0.000000  2.151070  1.260406e+01  35.0
  1.234183  0.000000  2.096194  9.919038e+00  35.0
  1.155813  0.000000  2.151070  1.260406e+01  35.0
  1.202168  0.000000  2.133871  1.225304e+01  35.0
  1.280538  0.000000  2.078996  6.644704e+00  35.0
  1.162982  0.000000  2.161309  1.252982e+01  35.0
  1.241353  0.000000  2.106434  9.957123e+00  35.0
  1.162982  0.000000  2.161309  1.252982e+01  35.0
  1.241353  0.000000  2.106434  9.957123e+00  35.0
  1.162982  0.000000  2.161309  1.252982e+01  35.0
  1.672388  0.000000  1.804620  1.070218e+01  35.0
  1.241353  0.000000  2.106434  9.957123e+00  35.0
  1.162982  0.000000  2.161309  1.252982e+01  35.0
  1.241353  0.000000  2.106434  9.957123e+00  35.0
  1.162982  0.000000  2.161309  1.252982e+01  35.0
  1.241353  0.000000  2.106434  9.957123e+00  35.0
  1.162982  0.000000  2.161309  1.252982e+01  35.0
  1.241353  0.000000  2.106434  9.957123e+00  35.0
  1.162982  0.000000  2.161309  1.252982e+01  35.0
  1.679557  0.000000  1.814859  8.113991e+00  35.0
  1.241353  0.000000  2.106434  9.957123e+00  35.0
  1.162982  0.000000  2.161309  1.252982e+01  35.0
  1.241353  0.000000  2.106434  9.957123e+00  35.0
  1.194998  0.000000  2.123632  1.224037e+01  35.0
  1.148643  0.000000  2.140830  9.681742e+00  35.0
  1.155813  0.000000  2.151070  1.260406e+01  35.0
  1.234183  0.000000  2.096194  9.919038e+00  35.0
  1.155813  0.000000  2.151070  1.260406e+01  35.0
  1.234183  0.000000  2.096194  9.919038e+00  35.0
  1.155813  0.000000  2.151070  1.260406e+01  35.0
  1.250509  0.000000  1.936817  1.241868e+01  40.0
  1.323798  0.000000  1.875320  7.821225e+00  40.0
  1.250509  0.000000  1.936817  1.241868e+01  40.0
  1.295189  0.000000  1.915644  1.057833e+01  40.0
  1.734923  0.000000  1.546663  1.168735e+01  40.0
  1.690244  0.000000  1.567836  1.002078e+01  40.0
  1.726889  0.000000  1.537088  1.213558e+01  40.0
  1.682209  0.000000  1.558261  8.472289e+00  40.0
  1.742958  0.000000  1.556239  8.985354e+00  40.0
  1.250509  0.000000  1.936817  1.241868e+01  40.0
  1.323798  0.000000  1.875320  7.821225e+00  40.0
  1.250509  0.000000  1.936817  1.241868e+01  40.0
  1.323798  0.000000  1.875320  7.821225e+00  40.0
  1.250509  0.000000  1.936817  1.241868e+01  40.0
  1.323798  0.000000  1.875320  7.821225e+00  40.0
  1.250509  0.000000  1.936817  1.241868e+01  40.0
  1.734923  0.000000  1.546663  1.168735e+01  40.0
  1.323798  0.000000  1.875320  7.821225e+00  40.0
  1.250509  0.000000  1.936817  1.241868e+01  40.0
  1.323798  0.000000  1.875320  7.821225e+00  40.0
  1.645565  0.000000  1.589009  5.947675e+00  40.0
  1.718854  0.000000  1.527512  1.012109e+01  40.0
  1.258544  0.000000  1.946393  1.208548e+01  40.0
  1.331833  0.000000  1.884896  7.775891e+00  40.0
  1.258544  0.000000  1.946393  1.208548e+01  40.0
  1.331833  0.000000  1.884896  7.775891e+00  40.0
  1.258544  0.000000  1.946393  1.208548e+01  40.0
  1.331833  0.000000  1.884896  7.775891e+00  40.0
  1.258544  0.000000  1.946393  1.208548e+01  40.0
  1.645565  0.000000  1.589009  5.947675e+00  40.0
  1.748217  0.000000  1.274664  1.168275e+01  45.0
  1.680567  0.000000  1.342315  8.954763e+00  45.0
  1.748217  0.000000  1.274664  1.168275e+01  45.0
  1.680567  0.000000  1.342315  8.954763e+00  45.0
  1.748217  0.000000  1.274664  1.168275e+01  45.0
  1.680567  0.000000  1.342315  8.954763e+00  45.0
  1.748217  0.000000  1.274664  1.168275e+01  45.0
  1.308489  0.000000  1.714392  1.084748e+01  45.0
  1.680567  0.000000  1.342315  8.954763e+00  45.0
  1.748217  0.000000  1.274664  1.168275e+01  45.0
  1.705553  0.000000  1.299651  9.604613e+00  45.0
  1.757056  0.000000  1.283503  1.095853e+01  45.0
  1.714392  0.000000  1.308489  1.098052e+01  45.0
  1.671728  0.000000  1.333476  8.075812e+00  45.0
  1.739378  0.000000  1.265825  1.001074e+01  45.0
  1.671728  0.000000  1.333476  8.075812e+00  45.0
  1.739378  0.000000  1.265825  1.001074e+01  45.0
  1.671728  0.000000  1.333476  8.075812e+00  45.0
  1.376140  0.000000  1.646742  5.988931e+00  45.0
  1.308489  0.000000  1.714392  1.084748e+01  45.0
  1.376140  0.000000  1.646742  5.988931e+00  45.0
  1.757056  0.000000  1.283503  1.095853e+01  45.0
  1.714392  0.000000  1.308489  1.098052e+01  45.0
  1.646742  0.000000  1.376140  6.239076e+00  45.0
  1.689406  0.000000  1.351154  8.170892e+00  45.0
  1.757056  0.000000  1.283503  1.095853e+01  45.0
  1.714392  0.000000  1.308489  1.098052e+01  45.0
  1.671728  0.000000  1.333476  8.075812e+00  45.0
  1.629064  0.000000  1.358462  4.573681e+00  45.0
  1.317328  0.000000  1.723231  1.026833e+01  45.0
  1.697428  0.000000  1.049638  1.081725e+01  50.0
  1.657104  0.000000  1.078248  9.186469e+00  50.0
  1.718601  0.000000  1.004959  1.024561e+01  50.0
  1.657104  0.000000  1.078248  9.186469e+00  50.0
  1.737752  0.000000  1.021028  9.453094e+00  50.0
  1.697428  0.000000  1.049638  1.081725e+01  50.0
  1.635932  0.000000  1.122927  7.301500e+00  50.0
  1.728177  0.000000  1.012994  1.080951e+01  50.0
  1.666680  0.000000  1.086283  9.514326e+00  50.0
  1.728177  0.000000  1.012994  1.080951e+01  50.0
  1.666680  0.000000  1.086283  9.514326e+00  50.0
  1.728177  0.000000  1.012994  1.080951e+01  50.0
  1.666680  0.000000  1.086283  9.514326e+00  50.0
  1.318872  0.000000  1.481338  9.028058e+00  50.0
  1.728177  0.000000  1.012994  1.080951e+01  50.0
  1.666680  0.000000  1.086283  9.514326e+00  50.0
  1.728177  0.000000  1.012994  1.080951e+01  50.0
  1.666680  0.000000  1.086283  9.514326e+00  50.0
  1.728177  0.000000  1.012994  1.080951e+01  50.0
  1.666680  0.000000  1.086283  9.514326e+00  50.0
  1.605183  0.000000  1.159572  4.817147e+00  50.0
  1.666680  0.000000  1.086283  9.514326e+00  50.0
  1.728177  0.000000  1.012994  1.080951e+01  50.0
  1.666680  0.000000  1.086283  9.514326e+00  50.0
  1.626356  0.000000  1.114892  7.150526e+00  50.0
  1.687853  0.000000  1.041603  1.030138e+01  50.0
  1.626356  0.000000  1.114892  7.150526e+00  50.0
  1.687853  0.000000  1.041603  1.030138e+01  50.0
  1.728177  0.000000  1.012994  1.080951e+01  50.0
  1.666680  0.000000  1.086283  9.514326e+00  50.0
  1.628860  0.000000  0.790158  1.032257e+01  55.0
  1.573985  0.000000  0.868528  8.493935e+00  55.0
  1.628860  0.000000  0.790158  1.032257e+01  55.0
  1.666537  0.000000  0.758142  9.397501e+00  55.0
  1.611662  0.000000  0.836513  9.633216e+00  55.0
  1.573985  0.000000  0.868528  8.493935e+00  55.0
  1.628860  0.000000  0.790158  1.032257e+01  55.0
  1.666537  0.000000  0.758142  9.397501e+00  55.0
  1.611662  0.000000  0.836513  9.633216e+00  55.0
  1.573985  0.000000  0.868528  8.493935e+00  55.0
  1.628860  0.000000  0.790158  1.032257e+01  55.0
  1.666537  0.000000  0.758142  9.397501e+00  55.0
  1.611662  0.000000  0.836513  9.633216e+00  55.0
  1.573985  0.000000  0.868528  8.493935e+00  55.0
  1.628860  0.000000  0.790158  1.032257e+01  55.0
  1.666537  0.000000  0.758142  9.397501e+00  55.0
  1.611662  0.000000  0.836513  9.633216e+00  55.0
  1.573985  0.000000  0.868528  8.493935e+00  55.0
  1.628860  0.000000  0.790158  1.032257e+01  55.0
  1.666537  0.000000  0.758142  9.397501e+00  55.0
  1.611662  0.000000  0.836513  9.633216e+00  55.0
  1.573985  0.000000  0.868528  8.493935e+00  55.0
  1.628860  0.000000  0.790158  1.032257e+01  55.0
  1.666537  0.000000  0.758142  9.397501e+00  55.0
  1.611662  0.000000  0.836513  9.633216e+00  55.0
  1.573985  0.000000  0.868528  8.493935e+00  55.0
  1.536308  0.000000  0.900543  5.769253e+00  55.0
  1.591183  0.000000  0.822173  8.786173e+00  55.0
  1.628860  0.000000  0.790158  1.032257e+01  55.0
  1.666537  0.000000  0.758142  9.397501e+00  55.0
  1.529149  0.000000  0.551437  9.130685e+00  60.0
  1.481313  0.000000  0.634291  7.896547e+00  60.0
  1.529149  0.000000  0.551437  9.130685e+00  60.0
  1.481313  0.000000  0.634291  7.896547e+00  60.0
  1.529149  0.000000  0.551437  9.130685e+00  60.0
  1.563892  0.000000  0.516259  8.142800e+00  60.0
  1.516056  0.000000  0.599114  8.547136e+00  60.0
  1.481313  0.000000  0.634291  7.896547e+00  60.0
  1.529149  0.000000  0.551437  9.130685e+00  60.0
  1.563892  0.000000  0.516259  8.142800e+00  60.0
  1.516056  0.000000  0.599114  8.547136e+00  60.0
  1.481313  0.000000  0.634291  7.896547e+00  60.0
  1.529149  0.000000  0.551437  9.130685e+00  60.0
  1.563892  0.000000  0.516259  8.142800e+00  60.0
  1.516056  0.000000  0.599114  8.547136e+00  60.0
  1.481313  0.000000  0.634291  7.896547e+00  60.0
  1.529149  0.000000  0.551437  9.130685e+00  60.0
  1.563892  0.000000  0.516259  8.142800e+00  60.0
  1.516056  0.000000  0.599114  8.547136e+00  60.0
  1.481313  0.000000  0.634291  7.896547e+00  60.0
  1.446569  0.000000  0.669468  5.697260e+00  60.0
  1.494405  0.000000  0.586614  7.527832e+00  60.0
  1.529149  0.000000  0.551437  9.130685e+00  60.0
  1.563892  0.000000  0.516259  8.142800e+00  60.0
  1.516056  0.000000  0.599114  8.547136e+00  60.0
  1.481313  0.000000  0.634291  7.896547e+00  60.0
  1.446569  0.000000  0.669468  5.697260e+00  60.0
  1.494405  0.000000  0.586614  7.527832e+00  60.0
  1.529149  0.000000  0.551437  9.130685e+00  60.0
  1.563892  0.000000  0.516259  8.142800e+00  60.0
  1.358584  0.000000  0.369612  1.206711e+01  65.0
  1.399017  0.000000  0.282903  9.995668e+00  65.0
  1.358584  0.000000  0.369612  1.206711e+01  65.0
  1.318151  0.000000  0.456320  8.596297e+00  65.0
  1.358584  0.000000  0.369612  1.206711e+01  65.0
  1.399017  0.000000  0.282903  9.995668e+00  65.0
  1.358584  0.000000  0.369612  1.206711e+01  65.0
  1.318151  0.000000  0.456320  8.596297e+00  65.0
  1.358584  0.000000  0.369612  1.206711e+01  65.0
  1.399017  0.000000  0.282903  9.995668e+00  65.0
  1.358584  0.000000  0.369612  1.206711e+01  65.0
  1.318151  0.000000  0.456320  8.596297e+00  65.0
  1.358584  0.000000  0.369612  1.206711e+01  65.0
  1.399017  0.000000  0.282903  9.995668e+00  65.0
  1.358584  0.000000  0.369612  1.206711e+01  65.0
  1.318151  0.000000  0.456320  8.596297e+00  65.0
  1.358584  0.000000  0.369612  1.206711e+01  65.0
  1.399017  0.000000  0.282903  9.995668e+00  65.0
  1.358584  0.000000  0.369612  1.206711e+01  65.0
  1.318151  0.000000  0.456320  8.596297e+00  65.0
  1.358584  0.000000  0.369612  1.206711e+01  65.0
  1.399017  0.000000  0.282903  9.995668e+00  65.0
  1.358584  0.000000  0.369612  1.206711e+01  65.0
  1.318151  0.000000  0.456320  8.596297e+00  65.0
  1.358584  0.000000  0.369612  1.206711e+01  65.0
  1.399017  0.000000  0.282903  9.995668e+00  65.0
  1.358584  0.000000  0.369612  1.206711e+01  65.0
  1.318151  0.000000  0.456320  8.596297e+00  65.0
  1.358584  0.000000  0.369612  1.206711e+01  65.0
  1.399017  0.000000  0.282903  9.995668e+00  65.0
  1.195173  0.000000  0.078665  4.612233e+01  70.0
  1.162451  0.000000  0.168567  3.754936e+01  70.0
  1.195173  0.000000  0.078665  4.612233e+01  70.0
  1.162451  0.000000  0.168567  3.754936e+01  70.0
  1.195173  0.000000  0.078665  4.612233e+01  70.0
  1.162451  0.000000  0.168567  3.754936e+01  70.0
  1.195173  0.000000  0.078665  4.612233e+01  70.0
  1.162451  0.000000  0.168567  3.754936e+01  70.0
  1.195173  0.000000  0.078665  4.612233e+01  70.0
  1.167066  0.000000  0.119341  3.931047e+01  70.0
  0.970735  0.000000  0.658755  3.679099e+01  70.0
  1.183427  0.000000  0.074390  4.064306e+01  70.0
  1.150705  0.000000  0.164292  3.337015e+01  70.0
  1.178812  0.000000  0.123616  4.431130e+01  70.0
  1.206919  0.000000  0.082940  4.228439e+01  70.0
  1.174197  0.000000  0.172842  3.481278e+01  70.0
  1.206919  0.000000  0.082940  4.228439e+01  70.0
  1.174197  0.000000  0.172842  3.481278e+01  70.0
  1.206919  0.000000  0.082940  4.228439e+01  70.0
  1.174197  0.000000  0.172842  3.481278e+01  70.0
  1.146090  0.000000  0.213518  2.837353e+01  70.0
  1.178812  0.000000  0.123616  4.431130e+01  70.0
  1.206919  0.000000  0.082940  4.228439e+01  70.0
  1.174197  0.000000  0.172842  3.481278e+01  70.0
  1.146090  0.000000  0.213518  2.837353e+01  70.0
  1.178812  0.000000  0.123616  4.431130e+01  70.0
  1.146090  0.000000  0.213518  2.837353e+01  70.0
  1.178812  0.000000  0.123616  4.431130e+01  70.0
  1.206919  0.000000  0.082940  4.228439e+01  70.0
  1.174197  0.000000  0.172842  3.481278e+01  70.0
  0.483270  0.000000  0.079968  6.250022e+01  75.0
  0.532486  0.000000  -0.055415  4.953486e+01  75.0
  0.458815  0.000000  0.122939  5.242102e+01  75.0
  0.483270  0.000000  0.079968  6.250022e+01  75.0
  0.556941  0.000000  -0.098386  4.557491e+01  75.0
  0.532486  0.000000  -0.055415  4.953486e+01  75.0
  0.569322  0.000000  -0.144592  3.251871e+01  75.0
  0.544561  0.000000  -0.052180  4.962750e+01  75.0
  0.581396  0.000000  -0.141357  2.547312e+01  75.0
  0.556941  0.000000  -0.098386  4.557491e+01  75.0
  0.520106  0.000000  -0.009209  4.413333e+01  75.0
  0.470889  0.000000  0.126174  5.436253e+01  75.0
  0.446434  0.000000  0.169145  3.162899e+01  75.0
  0.483270  0.000000  0.079968  6.250022e+01  75.0
  0.532486  0.000000  -0.055415  4.953486e+01  75.0
  0.556941  0.000000  -0.098386  4.557491e+01  75.0
  0.458815  0.000000  0.122939  5.242102e+01  75.0
  0.483270  0.000000  0.079968  6.250022e+01  75.0
  0.532486  0.000000  -0.055415  4.953486e+01  75.0
  0.581396  0.000000  -0.141357  2.547312e+01  75.0
  0.556941  0.000000  -0.098386  4.557491e+01  75.0
  0.520106  0.000000  -0.009209  4.413333e+01  75.0
  0.470889  0.000000  0.126174  5.436253e+01  75.0
  0.446434  0.000000  0.169145  3.162899e+01  75.0
  0.483270  0.000000  0.079968  6.250022e+01  75.0
  0.458508  0.000000  0.172380  3.310440e+01  75.0
  0.495651  0.000000  0.033762  5.316760e+01  75.0
  0.471196  0.000000  0.076733  6.000534e+01  75.0
  0.434360  0.000000  0.165910  1.974445e+01  75.0
  0.458815  0.000000  0.122939  5.242102e+01  75.0
  0.480094  0.000000  0.084653  1.640522e+01  80.0
  0.500711  0.000000  0.039715  1.451056e+01  80.0
  0.484097  0.000000  0.133933  1.186102e+01  80.0
  0.500711  0.000000  0.039715  1.451056e+01  80.0
  0.484097  0.000000  0.133933  1.186102e+01  80.0
  0.500711  0.000000  0.039715  1.451056e+01  80.0
  0.484097  0.000000  0.133933  1.186102e+01  80.0
  0.500711  0.000000  0.039715  1.451056e+01  80.0
  0.484097  0.000000  0.133933  1.186102e+01  80.0
  0.463480  0.000000  0.178872  6.531487e+00  80.0
  0.480094  0.000000  0.084653  1.640522e+01  80.0
  0.496707  0.000000  -0.009565  1.013789e+01  80.0
  0.480094  0.000000  0.084653  1.640522e+01  80.0
  0.463480  0.000000  0.178872  6.531487e+00  80.0
  0.480094  0.000000  0.084653  1.640522e+01  80.0
  0.496707  0.000000  -0.009565  1.013789e+01  80.0
  0.480094  0.000000  0.084653  1.640522e+01  80.0
  0.463480  0.000000  0.178872  6.531487e+00  80.0
  0.480094  0.000000  0.084653  1.640522e+01  80.0
  0.496707  0.000000  -0.009565  1.013789e+01  80.0
  0.480094  0.000000  0.084653  1.640522e+01  80.0
  0.463480  0.000000  0.178872  6.531487e+00  80.0
  0.480094  0.000000  0.084653  1.640522e+01  80.0
  0.496707  0.000000  -0.009565  1.013789e+01  80.0
  0.480094  0.000000  0.084653  1.640522e+01  80.0
  0.463480  0.000000  0.178872  6.531487e+00  80.0
  0.480094  0.000000  0.084653  1.640522e+01  80.0
  0.496707  0.000000  -0.009565  1.013789e+01  80.0
  0.480094  0.000000  0.084653  1.640522e+01  80.0
  0.463480  0.000000  0.178872  6.531487e+00  80.0
  0.498097  0.000000  0.043578  2.077402e+01  85.0
  0.506436  0.000000  -0.051730  1.153662e+01  85.0
  0.498097  0.000000  0.043578  2.077402e+01  85.0
  0.489759  0.000000  0.138886  9.577252e+00  85.0
  0.498097  0.000000  0.043578  2.077402e+01  85.0
  0.506436  0.000000  -0.051730  1.153662e+01  85.0
  0.498097  0.000000  0.043578  2.077402e+01  85.0
  0.481476  0.000000  0.090142  1.443786e+01  85.0
  0.489814  0.000000  -0.005166  1.671679e+01  85.0
  0.506436  0.000000  -0.051730  1.153662e+01  85.0
  0.498097  0.000000  0.043578  2.077402e+01  85.0
  0.489759  0.000000  0.138886  9.577252e+00  85.0
  0.498097  0.000000  0.043578  2.077402e+01  85.0
  0.506436  0.000000  -0.051730  1.153662e+01  85.0
  0.498097  0.000000  0.043578  2.077402e+01  85.0
  0.489759  0.000000  0.138886  9.577252e+00  85.0
  0.498097  0.000000  0.043578  2.077402e+01  85.0
  0.506436  0.000000  -0.051730  1.153662e+01  85.0
  0.498097  0.000000  0.043578  2.077402e+01  85.0
  0.489759  0.000000  0.138886  9.577252e+00  85.0
  0.498097  0.000000  0.043578  2.077402e+01  85.0
  0.506436  0.000000  -0.051730  1.153662e+01  85.0
  0.498097  0.000000  0.043578  2.077402e+01  85.0
  0.489759  0.000000  0.138886  9.577252e+00  85.0
  0.498097  0.000000  0.043578  2.077402e+01  85.0
  0.506436  0.000000  -0.051730  1.153662e+01  85.0
  0.498097  0.000000  0.043578  2.077402e+01  85.0
  0.489759  0.000000  0.138886  9.577252e+00  85.0
  0.498097  0.000000  0.043578  2.077402e+01  85.0
  0.506436  0.000000  -0.051730  1.153662e+01  85.0
  0.500000  0.000000  0.143508  2.444374e+02  90.0
  0.500000  0.000000  0.239180  2.154910e+02  90.0
  0.500000  0.000000  0.143508  2.444374e+02  90.0
  0.500000  0.000000  0.047836  1.902224e+02  90.0
  0.500000  0.000000  0.143508  2.444374e+02  90.0
  0.500000  0.000000  0.239180  2.154910e+02  90.0
  0.500000  0.000000  0.143508  2.444374e+02  90.0
  0.500000  0.000000  0.047836  1.902224e+02  90.0
  0.500000  0.000000  0.143508  2.444374e+02  90.0
  0.500000  0.000000  0.239180  2.154910e+02  90.0
  0.500000  0.000000  0.143508  2.444374e+02  90.0
  0.500000  0.000000  0.047836  1.902224e+02  90.0
  0.500000  0.000000  0.143508  2.444374e+02  90.0
  0.500000  0.000000  0.239180  2.154910e+02  90.0
  0.500000  0.000000  0.143508  2.444374e+02  90.0
  0.500000  0.000000  0.047836  1.902224e+02  90.0
  0.500000  0.000000  0.143508  2.444374e+02  90.0
  0.500000  0.000000  0.239180  2.154910e+02  90.0
  0.500000  0.000000  0.143508  2.444374e+02  90.0
  0.500000  0.000000  0.047836  1.902224e+02  90.0
  0.500000  0.000000  0.143508  2.444374e+02  90.0
  0.500000  0.000000  0.239180  2.154910e+02  90.0
  0.500000  0.000000  0.143508  2.444374e+02  90.0
  0.500000  0.000000  0.047836  1.902224e+02  90.0
  0.500000  0.000000  0.143508  2.444374e+02  90.0
  0.500000  0.000000  0.239180  2.154910e+02  90.0
  0.500000  0.000000  0.143508  2.444374e+02  90.0
  0.500000  0.000000  0.047836  1.902224e+02  90.0
  0.500000  0.000000  0.143508  2.444374e+02  90.0
  0.500000  0.000000  0.239180  2.154910e+02  90.0
  0.498097  0.000000  -0.043578  1.086225e+01  95.0
  0.489814  0.000000  0.005166  8.219159e+00  95.0
  0.506381  0.000000  -0.092321  6.644390e+00  95.0
  0.498097  0.000000  -0.043578  1.086225e+01  95.0
  0.506436  0.000000  0.051730  6.180091e+00  95.0
  0.498097  0.000000  -0.043578  1.086225e+01  95.0
  0.489759  0.000000  -0.138886  4.810344e+00  95.0
  0.502267  0.000000  0.004076  9.734158e+00  95.0
  0.493928  0.000000  -0.091232  8.653713e+00  95.0
  0.502267  0.000000  0.004076  9.734158e+00  95.0
  0.493928  0.000000  -0.091232  8.653713e+00  95.0
  0.502267  0.000000  0.004076  9.734158e+00  95.0
  0.493928  0.000000  -0.091232  8.653713e+00  95.0
  0.502267  0.000000  0.004076  9.734158e+00  95.0
  0.493928  0.000000  -0.091232  8.653713e+00  95.0
  0.502267  0.000000  0.004076  9.734158e+00  95.0
  0.493983  0.000000  0.052820  5.203426e+00  95.0
  0.485645  0.000000  -0.042488  9.169423e+00  95.0
  0.493928  0.000000  -0.091232  8.653713e+00  95.0
  0.502267  0.000000  0.004076  9.734158e+00  95.0
  0.510605  0.000000  0.099384  2.706722e+00  95.0
  0.498097  0.000000  -0.043578  1.086225e+01  95.0
  0.506436  0.000000  0.051730  6.180091e+00  95.0
  0.498097  0.000000  -0.043578  1.086225e+01  95.0
  0.489759  0.000000  -0.138886  4.810344e+00  95.0
  0.498097  0.000000  -0.043578  1.086225e+01  95.0
  0.506436  0.000000  0.051730  6.180091e+00  95.0
  0.498097  0.000000  -0.043578  1.086225e+01  95.0
  0.489759  0.000000  -0.138886  4.810344e+00  95.0
  0.498097  0.000000  -0.043578  1.086225e+01  95.0
  0.480094  0.000000  -0.084653  4.394094e+00  100.0
  0.496707  0.000000  0.009565  2.682439e+00  100.0
  0.492404  0.000000  -0.086824  4.222395e+00  100.0
  0.488400  0.000000  -0.037544  4.070700e+00  100.0
  0.471787  0.000000  -0.131763  3.408245e+00  100.0
  0.488400  0.000000  -0.037544  4.070700e+00  100.0
  0.471787  0.000000  -0.131763  3.408245e+00  100.0
  0.488400  0.000000  -0.037544  4.070700e+00  100.0
  0.471787  0.000000  -0.131763  3.408245e+00  100.0
  0.475791  0.000000  -0.181043  1.787214e+00  100.0
  0.480094  0.000000  -0.084653  4.394094e+00  100.0
  0.496707  0.000000  0.009565  2.682439e+00  100.0
  0.480094  0.000000  -0.084653  4.394094e+00  100.0
  0.463480  0.000000  -0.178872  1.867871e+00  100.0
  0.480094  0.000000  -0.084653  4.394094e+00  100.0
  0.496707  0.000000  0.009565  2.682439e+00  100.0
  0.480094  0.000000  -0.084653  4.394094e+00  100.0
  0.463480  0.000000  -0.178872  1.867871e+00  100.0
  0.480094  0.000000  -0.084653  4.394094e+00  100.0
  0.496707  0.000000  0.009565  2.682439e+00  100.0
  0.500711  0.000000  -0.039715  3.932928e+00  100.0
  0.484097  0.000000  -0.133933  3.262911e+00  100.0
  0.500711  0.000000  -0.039715  3.932928e+00  100.0
  0.484097  0.000000  -0.133933  3.262911e+00  100.0
  0.480094  0.000000  -0.084653  4.394094e+00  100.0
  0.496707  0.000000  0.009565  2.682439e+00  100.0
  0.500711  0.000000  -0.039715  3.932928e+00  100.0
  0.484097  0.000000  -0.133933  3.262911e+00  100.0
  0.480094  0.000000  -0.084653  4.394094e+00  100.0
  0.496707  0.000000  0.009565  2.682439e+00  100.0
  0.965005  0.000000  -0.407143  2.622830e+00  105.0
  0.965312  0.000000  -0.357702  2.358979e+00  105.0
  0.940550  0.000000  -0.450114  2.106102e+00  105.0
  0.965312  0.000000  -0.357702  2.358979e+00  105.0
  0.940550  0.000000  -0.450114  2.106102e+00  105.0
  0.940244  0.000000  -0.499555  1.309152e+00  105.0
  0.965005  0.000000  -0.407143  2.622830e+00  105.0
  0.989767  0.000000  -0.314731  1.676480e+00  105.0
  0.965005  0.000000  -0.407143  2.622830e+00  105.0
  0.940244  0.000000  -0.499555  1.309152e+00  105.0
  0.965005  0.000000  -0.407143  2.622830e+00  105.0
  0.989767  0.000000  -0.314731  1.676480e+00  105.0
  0.965005  0.000000  -0.407143  2.622830e+00  105.0
  0.940244  0.000000  -0.499555  1.309152e+00  105.0
  0.965005  0.000000  -0.407143  2.622830e+00  105.0
  0.989767  0.000000  -0.314731  1.676480e+00  105.0
  0.965005  0.000000  -0.407143  2.622830e+00  105.0
  0.940244  0.000000  -0.499555  1.309152e+00  105.0
  0.965005  0.000000  -0.407143  2.622830e+00  105.0
  0.989767  0.000000  -0.314731  1.676480e+00  105.0
  0.965005  0.000000  -0.407143  2.622830e+00  105.0
  0.940244  0.000000  -0.499555  1.309152e+00  105.0
  0.965005  0.000000  -0.407143  2.622830e+00  105.0
  0.989767  0.000000  -0.314731  1.676480e+00  105.0
  0.965005  0.000000  -0.407143  2.622830e+00  105.0
  0.940244  0.000000  -0.499555  1.309152e+00  105.0
  0.965005  0.000000  -0.407143  2.622830e+00  105.0
  0.989767  0.000000  -0.314731  1.676480e+00  105.0
  0.965005  0.000000  -0.407143  2.622830e+00  105.0
  0.940244  0.000000  -0.499555  1.309152e+00  105.0
  1.000940  0.000000  -0.466125  2.396088e+00  110.0
  0.968218  0.000000  -0.556027  1.718250e+00  110.0
  1.000940  0.000000  -0.466125  2.396088e+00  110.0
  0.968218  0.000000  -0.556027  1.718250e+00  110.0
  1.000940  0.000000  -0.466125  2.396088e+00  110.0
  1.005555  0.000000  -0.416898  1.779344e+00  110.0
  0.972833  0.000000  -0.506801  2.323861e+00  110.0
  0.968218  0.000000  -0.556027  1.718250e+00  110.0
  1.000940  0.000000  -0.466125  2.396088e+00  110.0
  1.005555  0.000000  -0.416898  1.779344e+00  110.0
  0.972833  0.000000  -0.506801  2.323861e+00  110.0
  0.968218  0.000000  -0.556027  1.718250e+00  110.0
  1.000940  0.000000  -0.466125  2.396088e+00  110.0
  1.005555  0.000000  -0.416898  1.779344e+00  110.0
  0.972833  0.000000  -0.506801  2.323861e+00  110.0
  1.005555  0.000000  -0.416898  1.779344e+00  110.0
  0.972833  0.000000  -0.506801  2.323861e+00  110.0
  0.968218  0.000000  -0.556027  1.718250e+00  110.0
  1.000940  0.000000  -0.466125  2.396088e+00  110.0
  1.005555  0.000000  -0.416898  1.779344e+00  110.0
  0.972833  0.000000  -0.506801  2.323861e+00  110.0
  0.968218  0.000000  -0.556027  1.718250e+00  110.0
  1.000940  0.000000  -0.466125  2.396088e+00  110.0
  1.033662  0.000000  -0.376222  1.009463e+00  110.0
  1.000940  0.000000  -0.466125  2.396088e+00  110.0
  0.968218  0.000000  -0.556027  1.718250e+00  110.0
  1.000940  0.000000  -0.466125  2.396088e+00  110.0
  1.033662  0.000000  -0.376222  1.009463e+00  110.0
  1.000940  0.000000  -0.466125  2.396088e+00  110.0
  0.968218  0.000000  -0.556027  1.718250e+00  110.0
  1.001821  0.000000  -0.572719  2.457372e+00  115.0
  0.961388  0.000000  -0.659428  1.397694e+00  115.0
  1.001821  0.000000  -0.572719  2.457372e+00  115.0
  1.042254  0.000000  -0.486011  1.254005e+00  115.0
  1.001821  0.000000  -0.572719  2.457372e+00  115.0
  0.961388  0.000000  -0.659428  1.397694e+00  115.0
  1.001821  0.000000  -0.572719  2.457372e+00  115.0
  1.042254  0.000000  -0.486011  1.254005e+00  115.0
  1.001821  0.000000  -0.572719  2.457372e+00  115.0
  0.961388  0.000000  -0.659428  1.397694e+00  115.0
  1.001821  0.000000  -0.572719  2.457372e+00  115.0
  1.042254  0.000000  -0.486011  1.254005e+00  115.0
  1.001821  0.000000  -0.572719  2.457372e+00  115.0
  0.961388  0.000000  -0.659428  1.397694e+00  115.0
  1.001821  0.000000  -0.572719  2.457372e+00  115.0
  1.042254  0.000000  -0.486011  1.254005e+00  115.0
  1.001821  0.000000  -0.572719  2.457372e+00  115.0
  0.961388  0.000000  -0.659428  1.397694e+00  115.0
  1.001821  0.000000  -0.572719  2.457372e+00  115.0
  1.042254  0.000000  -0.486011  1.254005e+00  115.0
  1.001821  0.000000  -0.572719  2.457372e+00  115.0
  0.961388  0.000000  -0.659428  1.397694e+00  115.0
  1.001821  0.000000  -0.572719  2.457372e+00  115.0
  1.042254  0.000000  -0.486011  1.254005e+00  115.0
  1.001821  0.000000  -0.572719  2.457372e+00  115.0
  0.961388  0.000000  -0.659428  1.397694e+00  115.0
  1.001821  0.000000  -0.572719  2.457372e+00  115.0
  1.042254  0.000000  -0.486011  1.254005e+00  115.0
  1.001821  0.000000  -0.572719  2.457372e+00  115.0
  0.961388  0.000000  -0.659428  1.397694e+00  115.0
  0.980569  0.000000  -0.676604  2.317624e+00  120.0
  1.028405  0.000000  -0.593750  1.481602e+00  120.0
  0.991394  0.000000  -0.682854  2.304068e+00  120.0
  1.004487  0.000000  -0.635177  2.174017e+00  120.0
  0.956651  0.000000  -0.718032  1.804796e+00  120.0
  1.004487  0.000000  -0.635177  2.174017e+00  120.0
  0.956651  0.000000  -0.718032  1.804796e+00  120.0
  0.943558  0.000000  -0.765709  1.003466e+00  120.0
  0.991394  0.000000  -0.682854  2.304068e+00  120.0
  1.039230  0.000000  -0.600000  1.484235e+00  120.0
  0.991394  0.000000  -0.682854  2.304068e+00  120.0
  1.004487  0.000000  -0.635177  2.174017e+00  120.0
  0.956651  0.000000  -0.718032  1.804796e+00  120.0
  0.943558  0.000000  -0.765709  1.003466e+00  120.0
  0.991394  0.000000  -0.682854  2.304068e+00  120.0
  1.039230  0.000000  -0.600000  1.484235e+00  120.0
  0.991394  0.000000  -0.682854  2.304068e+00  120.0
  0.943558  0.000000  -0.765709  1.003466e+00  120.0
  0.991394  0.000000  -0.682854  2.304068e+00  120.0
  1.039230  0.000000  -0.600000  1.484235e+00  120.0
  0.991394  0.000000  -0.682854  2.304068e+00  120.0
  0.943558  0.000000  -0.765709  1.003466e+00  120.0
  0.991394  0.000000  -0.682854  2.304068e+00  120.0
  1.039230  0.000000  -0.600000  1.484235e+00  120.0
  0.991394  0.000000  -0.682854  2.304068e+00  120.0
  0.943558  0.000000  -0.765709  1.003466e+00  120.0
  0.991394  0.000000  -0.682854  2.304068e+00  120.0
  1.039230  0.000000  -0.600000  1.484235e+00  120.0
  0.991394  0.000000  -0.682854  2.304068e+00  120.0
  0.943558  0.000000  -0.765709  1.003466e+00  120.0
  0.976024  0.000000  -0.741816  2.397801e+00  125.0
  0.958825  0.000000  -0.788171  2.154996e+00  125.0
  1.013701  0.000000  -0.709801  1.764981e+00  125.0
  0.958825  0.000000  -0.788171  2.154996e+00  125.0
  1.013701  0.000000  -0.709801  1.764981e+00  125.0
  0.958825  0.000000  -0.788171  2.154996e+00  125.0
  1.013701  0.000000  -0.709801  1.764981e+00  125.0
  0.958825  0.000000  -0.788171  2.154996e+00  125.0
  1.013701  0.000000  -0.709801  1.764981e+00  125.0
  1.030899  0.000000  -0.663446  1.002058e+00  125.0
  0.976024  0.000000  -0.741816  2.397801e+00  125.0
  0.921148  0.000000  -0.820186  1.539898e+00  125.0
  0.976024  0.000000  -0.741816  2.397801e+00  125.0
  1.030899  0.000000  -0.663446  1.002058e+00  125.0
  0.976024  0.000000  -0.741816  2.397801e+00  125.0
  0.921148  0.000000  -0.820186  1.539898e+00  125.0
  0.976024  0.000000  -0.741816  2.397801e+00  125.0
  1.030899  0.000000  -0.663446  1.002058e+00  125.0
  0.976024  0.000000  -0.741816  2.397801e+00  125.0
  0.921148  0.000000  -0.820186  1.539898e+00  125.0
  0.976024  0.000000  -0.741816  2.397801e+00  125.0
  1.030899  0.000000  -0.663446  1.002058e+00  125.0
  0.976024  0.000000  -0.741816  2.397801e+00  125.0
  0.921148  0.000000  -0.820186  1.539898e+00  125.0
  0.976024  0.000000  -0.741816  2.397801e+00  125.0
  1.030899  0.000000  -0.663446  1.002058e+00  125.0
  0.976024  0.000000  -0.741816  2.397801e+00  125.0
  0.921148  0.000000  -0.820186  1.539898e+00  125.0
  0.976024  0.000000  -0.741816  2.397801e+00  125.0
  1.030899  0.000000  -0.663446  1.002058e+00  125.0
  0.936383  0.000000  -0.848164  2.496687e+00  130.0
  0.957556  0.000000  -0.803485  2.167317e+00  130.0
  0.896059  0.000000  -0.876774  2.057758e+00  130.0
  0.957556  0.000000  -0.803485  2.167317e+00  130.0
  0.896059  0.000000  -0.876774  2.057758e+00  130.0
  0.874886  0.000000  -0.921453  1.214034e+00  130.0
  0.936383  0.000000  -0.848164  2.496687e+00  130.0
  0.957556  0.000000  -0.803485  2.167317e+00  130.0
  0.896059  0.000000  -0.876774  2.057758e+00  130.0
  0.874886  0.000000  -0.921453  1.214034e+00  130.0
  0.936383  0.000000  -0.848164  2.496687e+00  130.0
  0.957556  0.000000  -0.803485  2.167317e+00  130.0
  0.896059  0.000000  -0.876774  2.057758e+00  130.0
  0.874886  0.000000  -0.921453  1.214034e+00  130.0
  0.936383  0.000000  -0.848164  2.496687e+00  130.0
  0.997880  0.000000  -0.774875  1.352589e+00  130.0
  0.936383  0.000000  -0.848164  2.496687e+00  130.0
  0.874886  0.000000  -0.921453  1.214034e+00  130.0
  0.936383  0.000000  -0.848164  2.496687e+00  130.0
  0.997880  0.000000  -0.774875  1.352589e+00  130.0
  0.936383  0.000000  -0.848164  2.496687e+00  130.0
  0.874886  0.000000  -0.921453  1.214034e+00  130.0
  0.936383  0.000000  -0.848164  2.496687e+00  130.0
  0.997880  0.000000  -0.774875  1.352589e+00  130.0
  0.936383  0.000000  -0.848164  2.496687e+00  130.0
  0.874886  0.000000  -0.921453  1.214034e+00  130.0
  0.936383  0.000000  -0.848164  2.496687e+00  130.0
  0.997880  0.000000  -0.774875  1.352589e+00  130.0
  0.936383  0.000000  -0.848164  2.496687e+00  130.0
  0.874886  0.000000  -0.921453  1.214034e+00  130.0
  0.867736  0.000000  -0.935386  2.697162e+00  135.0
  0.935386  0.000000  -0.867736  1.906699e+00  135.0
  0.867736  0.000000  -0.935386  2.697162e+00  135.0
  0.935386  0.000000  -0.867736  1.906699e+00  135.0
  0.867736  0.000000  -0.935386  2.697162e+00  135.0
  0.892722  0.000000  -0.892722  2.283674e+00  135.0
  0.842750  0.000000  -0.978050  1.510610e+00  135.0
  0.867736  0.000000  -0.935386  2.697162e+00  135.0
  0.935386  0.000000  -0.867736  1.906699e+00  135.0
  0.867736  0.000000  -0.935386  2.697162e+00  135.0
  0.800086  0.000000  -1.003037  9.713074e-01  135.0
  0.867736  0.000000  -0.935386  2.697162e+00  135.0
  0.935386  0.000000  -0.867736  1.906699e+00  135.0
  0.867736  0.000000  -0.935386  2.697162e+00  135.0
  0.800086  0.000000  -1.003037  9.713074e-01  135.0
  0.867736  0.000000  -0.935386  2.697162e+00  135.0
  0.935386  0.000000  -0.867736  1.906699e+00  135.0
  0.867736  0.000000  -0.935386  2.697162e+00  135.0
  0.800086  0.000000  -1.003037  9.713074e-01  135.0
  0.867736  0.000000  -0.935386  2.697162e+00  135.0
  0.935386  0.000000  -0.867736  1.906699e+00  135.0
  0.867736  0.000000  -0.935386  2.697162e+00  135.0
  0.800086  0.000000  -1.003037  9.713074e-01  135.0
  0.867736  0.000000  -0.935386  2.697162e+00  135.0
  0.935386  0.000000  -0.867736  1.906699e+00  135.0
  0.867736  0.000000  -0.935386  2.697162e+00  135.0
  0.800086  0.000000  -1.003037  9.713074e-01  135.0
  0.867736  0.000000  -0.935386  2.697162e+00  135.0
  0.935386  0.000000  -0.867736  1.906699e+00  135.0
  0.867736  0.000000  -0.935386  2.697162e+00  135.0
  0.827589  0.000000  -0.986282  2.979121e+00  140.0
  0.856199  0.000000  -0.945958  2.415910e+00  140.0
  0.782910  0.000000  -1.007455  2.596772e+00  140.0
  0.754300  0.000000  -1.047779  1.632355e+00  140.0
  0.827589  0.000000  -0.986282  2.979121e+00  140.0
  0.856199  0.000000  -0.945958  2.415910e+00  140.0
  0.782910  0.000000  -1.007455  2.596772e+00  140.0
  0.856199  0.000000  -0.945958  2.415910e+00  140.0
  0.782910  0.000000  -1.007455  2.596772e+00  140.0
  0.754300  0.000000  -1.047779  1.632355e+00  140.0
  0.827589  0.000000  -0.986282  2.979121e+00  140.0
  0.856199  0.000000  -0.945958  2.415910e+00  140.0
  0.782910  0.000000  -1.007455  2.596772e+00  140.0
  0.754300  0.000000  -1.047779  1.632355e+00  140.0
  0.827589  0.000000  -0.986282  2.979121e+00  140.0
  0.856199  0.000000  -0.945958  2.415910e+00  140.0
  0.782910  0.000000  -1.007455  2.596772e+00  140.0
  0.754300  0.000000  -1.047779  1.632355e+00  140.0
  0.827589  0.000000  -0.986282  2.979121e+00  140.0
  0.856199  0.000000  -0.945958  2.415910e+00  140.0
  0.782910  0.000000  -1.007455  2.596772e+00  140.0
  0.754300  0.000000  -1.047779  1.632355e+00  140.0
  0.827589  0.000000  -0.986282  2.979121e+00  140.0
  0.900878  0.000000  -0.924785  1.397464e+00  140.0
  0.827589  0.000000  -0.986282  2.979121e+00  140.0
  0.754300  0.000000  -1.047779  1.632355e+00  140.0
  0.827589  0.000000  -0.986282  2.979121e+00  140.0
  0.900878  0.000000  -0.924785  1.397464e+00  140.0
  0.827589  0.000000  -0.986282  2.979121e+00  140.0
  0.754300  0.000000  -1.047779  1.632355e+00  140.0
  0.731310  0.000000  -1.044419  3.496573e+00  145.0
  0.809680  0.000000  -0.989544  2.170096e+00  145.0
  0.731310  0.000000  -1.044419  3.496573e+00  145.0
  0.809680  0.000000  -0.989544  2.170096e+00  145.0
  0.731310  0.000000  -1.044419  3.496573e+00  145.0
  0.699295  0.000000  -1.082096  2.475497e+00  145.0
  0.777665  0.000000  -1.027221  3.019471e+00  145.0
  0.809680  0.000000  -0.989544  2.170096e+00  145.0
  0.731310  0.000000  -1.044419  3.496573e+00  145.0
  0.699295  0.000000  -1.082096  2.475497e+00  145.0
  0.777665  0.000000  -1.027221  3.019471e+00  145.0
  0.699295  0.000000  -1.082096  2.475497e+00  145.0
  0.777665  0.000000  -1.027221  3.019471e+00  145.0
  0.809680  0.000000  -0.989544  2.170096e+00  145.0
  0.731310  0.000000  -1.044419  3.496573e+00  145.0
  0.652940  0.000000  -1.099294  1.439375e+00  145.0
  0.731310  0.000000  -1.044419  3.496573e+00  145.0
  0.809680  0.000000  -0.989544  2.170096e+00  145.0
  0.731310  0.000000  -1.044419  3.496573e+00  145.0
  0.652940  0.000000  -1.099294  1.439375e+00  145.0
  0.731310  0.000000  -1.044419  3.496573e+00  145.0
  0.809680  0.000000  -0.989544  2.170096e+00  145.0
  0.731310  0.000000  -1.044419  3.496573e+00  145.0
  0.652940  0.000000  -1.099294  1.439375e+00  145.0
  0.731310  0.000000  -1.044419  3.496573e+00  145.0
  0.809680  0.000000  -0.989544  2.170096e+00  145.0
  0.731310  0.000000  -1.044419  3.496573e+00  145.0
  0.652940  0.000000  -1.099294  1.439375e+00  145.0
  0.731310  0.000000  -1.044419  3.496573e+00  145.0
  0.809680  0.000000  -0.989544  2.170096e+00  145.0
  0.672677  0.000000  -1.069439  4.134828e+00  150.0
  0.637500  0.000000  -1.104182  3.601702e+00  150.0
  0.720354  0.000000  -1.056346  2.965728e+00  150.0
  0.637500  0.000000  -1.104182  3.601702e+00  150.0
  0.720354  0.000000  -1.056346  2.965728e+00  150.0
  0.589823  0.000000  -1.117275  2.582933e+00  150.0
  0.672677  0.000000  -1.069439  4.134828e+00  150.0
  0.755532  0.000000  -1.021603  1.712820e+00  150.0
  0.672677  0.000000  -1.069439  4.134828e+00  150.0
  0.589823  0.000000  -1.117275  2.582933e+00  150.0
  0.672677  0.000000  -1.069439  4.134828e+00  150.0
  0.755532  0.000000  -1.021603  1.712820e+00  150.0
  0.672677  0.000000  -1.069439  4.134828e+00  150.0
  0.589823  0.000000  -1.117275  2.582933e+00  150.0
  0.672677  0.000000  -1.069439  4.134828e+00  150.0
  0.755532  0.000000  -1.021603  1.712820e+00  150.0
  0.672677  0.000000  -1.069439  4.134828e+00  150.0
  0.589823  0.000000  -1.117275  2.582933e+00  150.0
  0.672677  0.000000  -1.069439  4.134828e+00  150.0
  0.755532  0.000000  -1.021603  1.712820e+00  150.0
  0.672677  0.000000  -1.069439  4.134828e+00  150.0
  0.589823  0.000000  -1.117275  2.582933e+00  150.0
  0.672677  0.000000  -1.069439  4.134828e+00  150.0
  0.755532  0.000000  -1.021603  1.712820e+00  150.0
  0.672677  0.000000  -1.069439  4.134828e+00  150.0
  0.589823  0.000000  -1.117275  2.582933e+00  150.0
  0.672677  0.000000  -1.069439  4.134828e+00  150.0
  0.755532  0.000000  -1.021603  1.712820e+00  150.0
  0.672677  0.000000  -1.069439  4.134828e+00  150.0
  0.589823  0.000000  -1.117275  2.582933e+00  150.0
