# 3D Scattering Centers Reconstruction
# Model: simple_missile
# Reference point: [0.0000, 0.0000, 0.0000] m
# Center angles (deg): 0   15   30   45   60   75   90  105  120  135  150  165  180
# Aperture: 30.0 deg
# Total centers: 390
#
# Columns: x(m)  y(m)  z(m)  amplitude  source_theta(deg)
  -0.286479  0.000000  2.887500  8.949508e-04  0.0
  -0.358099  0.000000  2.868750  9.681693e-04  0.0
  -0.214859  0.000000  2.906250  9.068258e-04  0.0
  -0.286479  0.000000  2.887500  7.712021e-04  0.0
  -0.429718  0.000000  2.850000  7.179254e-04  0.0
  -0.358099  0.000000  2.868750  7.318352e-04  0.0
  -0.286479  0.000000  2.906250  6.268329e-04  0.0
  -0.358099  0.000000  2.887500  7.693686e-04  0.0
  -0.429718  0.000000  2.868750  7.898677e-04  0.0
  -0.501338  0.000000  2.850000  6.700567e-04  0.0
  -0.214859  0.000000  2.925000  6.350497e-04  0.0
  -0.286479  0.000000  2.906250  6.035612e-04  0.0
  -0.358099  0.000000  2.887500  6.401670e-04  0.0
  -0.429718  0.000000  2.868750  6.488991e-04  0.0
  -0.429718  0.000000  2.850000  4.650983e-04  0.0
  -0.358099  0.000000  2.868750  5.338030e-04  0.0
  -0.286479  0.000000  2.887500  5.878734e-04  0.0
  -0.214859  0.000000  2.906250  5.287875e-04  0.0
  -0.501338  0.000000  2.831250  4.969665e-04  0.0
  -0.214859  0.000000  2.925000  4.743894e-04  0.0
  -0.286479  0.000000  2.906250  4.883168e-04  0.0
  -0.358099  0.000000  2.887500  5.303337e-04  0.0
  -0.429718  0.000000  2.868750  4.700127e-04  0.0
  -0.501338  0.000000  2.850000  5.436935e-04  0.0
  -0.572958  0.000000  2.831250  5.101527e-04  0.0
  -0.429718  0.000000  2.850000  4.347074e-04  0.0
  -0.358099  0.000000  2.868750  4.878793e-04  0.0
  -0.286479  0.000000  2.887500  5.284482e-04  0.0
  -0.572958  0.000000  2.850000  4.188173e-04  0.0
  -0.286479  0.000000  2.906250  4.176260e-04  0.0
  0.436033  0.000000  2.872525  2.386486e-04  15.0
  0.396590  0.000000  2.863682  2.728012e-04  15.0
  0.357148  0.000000  2.854840  2.240747e-04  15.0
  0.475475  0.000000  2.881368  2.156682e-04  15.0
  0.539802  0.000000  2.844720  1.907602e-04  15.0
  0.579244  0.000000  2.853563  1.879224e-04  15.0
  0.292821  0.000000  2.891487  1.859187e-04  15.0
  0.332264  0.000000  2.900330  2.102411e-04  15.0
  0.287969  0.000000  2.873376  1.908969e-04  15.0
  0.327411  0.000000  2.882219  1.738118e-04  15.0
  0.500359  0.000000  2.835878  1.854064e-04  15.0
  0.401443  0.000000  2.881794  1.778859e-04  15.0
  0.406296  0.000000  2.899905  1.580941e-04  15.0
  0.248526  0.000000  2.864533  1.470379e-04  15.0
  0.337117  0.000000  2.918441  1.456006e-04  15.0
  0.287969  0.000000  2.873376  1.528795e-04  15.0
  0.505212  0.000000  2.853989  1.397522e-04  15.0
  0.223642  0.000000  2.910024  1.363377e-04  15.0
  0.263085  0.000000  2.918867  1.608845e-04  15.0
  0.510065  0.000000  2.872100  1.303213e-04  15.0
  0.460917  0.000000  2.827035  1.239311e-04  15.0
  0.362001  0.000000  2.872951  1.311066e-04  15.0
  0.608981  0.000000  2.826184  1.224600e-04  15.0
  0.218789  0.000000  2.891913  1.213132e-04  15.0
  0.436033  0.000000  2.872525  1.129147e-04  15.0
  0.431180  0.000000  2.854414  1.136486e-04  15.0
  0.332264  0.000000  2.900330  1.152458e-04  15.0
  0.292821  0.000000  2.891487  1.163557e-04  15.0
  0.213936  0.000000  2.873802  1.138656e-04  15.0
  0.648424  0.000000  2.835027  1.090207e-04  15.0
  1.988282  0.000000  1.796551  5.271907e-05  30.0
  1.947895  0.000000  1.798218  6.511579e-05  30.0
  1.907507  0.000000  1.799885  6.640520e-05  30.0
  2.028669  0.000000  1.794884  6.511996e-05  30.0
  1.867120  0.000000  1.801552  6.511224e-05  30.0
  2.069056  0.000000  1.793217  6.454691e-05  30.0
  1.826733  0.000000  1.803219  6.195854e-05  30.0
  2.109444  0.000000  1.791551  5.858505e-05  30.0
  1.786346  0.000000  1.804886  5.733617e-05  30.0
  1.988282  0.000000  1.796551  5.536788e-05  30.0
  1.947895  0.000000  1.798218  5.831903e-05  30.0
  1.907507  0.000000  1.799885  5.974600e-05  30.0
  1.867120  0.000000  1.801552  5.742599e-05  30.0
  2.028669  0.000000  1.794884  5.622947e-05  30.0
  1.826733  0.000000  1.803219  5.479104e-05  30.0
  1.745958  0.000000  1.806553  5.438894e-05  30.0
  2.069056  0.000000  1.793217  5.390785e-05  30.0
  1.795721  0.000000  1.821124  5.244020e-05  30.0
  1.836108  0.000000  1.819457  5.692717e-05  30.0
  1.876495  0.000000  1.817790  5.965639e-05  30.0
  1.916882  0.000000  1.816123  6.132731e-05  30.0
  1.957270  0.000000  1.814456  6.122523e-05  30.0
  1.997657  0.000000  1.812789  5.956365e-05  30.0
  1.755333  0.000000  1.822791  5.282983e-05  30.0
  1.714946  0.000000  1.824458  5.774207e-05  30.0
  2.038044  0.000000  1.811122  5.223498e-05  30.0
  2.149831  0.000000  1.789884  5.126493e-05  30.0
  1.795721  0.000000  1.821124  4.921252e-05  30.0
  1.836108  0.000000  1.819457  5.225908e-05  30.0
  1.876495  0.000000  1.817790  5.428557e-05  30.0
  1.892457  0.000000  1.183458  3.617602e-05  45.0
  1.853877  0.000000  1.195521  4.321725e-05  45.0
  1.815298  0.000000  1.207584  4.341545e-05  45.0
  1.776718  0.000000  1.219647  4.211319e-05  45.0
  1.931036  0.000000  1.171395  4.207176e-05  45.0
  1.969616  0.000000  1.159331  3.965871e-05  45.0
  1.738138  0.000000  1.231710  3.953641e-05  45.0
  1.699559  0.000000  1.243773  3.685156e-05  45.0
  2.008196  0.000000  1.147268  3.587316e-05  45.0
  1.679018  0.000000  1.476446  3.451057e-05  45.0
  1.717597  0.000000  1.464383  4.206873e-05  45.0
  1.756177  0.000000  1.452320  4.308387e-05  45.0
  1.794757  0.000000  1.440257  4.265627e-05  45.0
  1.640438  0.000000  1.488510  4.236235e-05  45.0
  1.601858  0.000000  1.500573  4.275994e-05  45.0
  1.563279  0.000000  1.512636  4.103438e-05  45.0
  1.833336  0.000000  1.428194  4.081147e-05  45.0
  1.524699  0.000000  1.524699  3.884008e-05  45.0
  1.871916  0.000000  1.416131  3.746272e-05  45.0
  1.486119  0.000000  1.536762  3.641324e-05  45.0
  1.679018  0.000000  1.476446  3.618348e-05  45.0
  1.717597  0.000000  1.464383  3.756185e-05  45.0
  1.756177  0.000000  1.452320  3.755127e-05  45.0
  1.640438  0.000000  1.488510  3.792763e-05  45.0
  1.601858  0.000000  1.500573  3.806514e-05  45.0
  1.563279  0.000000  1.512636  3.634341e-05  45.0
  2.010586  0.000000  1.250944  3.611117e-05  45.0
  2.049166  0.000000  1.238881  4.150419e-05  45.0
  1.972006  0.000000  1.263007  4.036348e-05  45.0
  1.933427  0.000000  1.275070  3.761245e-05  45.0
  1.229517  0.000000  0.420414  5.723578e-04  60.0
  1.247422  0.000000  0.389402  7.082723e-04  60.0
  1.281565  0.000000  0.367765  7.096695e-04  60.0
  1.211612  0.000000  0.451426  7.007708e-04  60.0
  1.193707  0.000000  0.482439  7.692697e-04  60.0
  1.175802  0.000000  0.513451  7.149836e-04  60.0
  1.157897  0.000000  0.544463  7.199028e-04  60.0
  1.139992  0.000000  0.575475  7.302406e-04  60.0
  1.122087  0.000000  0.606488  6.964709e-04  60.0
  1.104182  0.000000  0.637500  7.079462e-04  60.0
  1.086277  0.000000  0.668512  6.750740e-04  60.0
  1.299470  0.000000  0.336752  6.700079e-04  60.0
  1.265327  0.000000  0.358390  7.410093e-04  60.0
  1.231184  0.000000  0.380027  6.789901e-04  60.0
  1.213279  0.000000  0.411039  7.299491e-04  60.0
  1.247422  0.000000  0.389402  7.606808e-04  60.0
  1.229517  0.000000  0.420414  6.853683e-04  60.0
  1.195374  0.000000  0.442051  8.004773e-04  60.0
  1.177469  0.000000  0.473064  7.534572e-04  60.0
  1.211612  0.000000  0.451426  7.534584e-04  60.0
  1.159564  0.000000  0.504076  7.131899e-04  60.0
  1.193707  0.000000  0.482439  8.269603e-04  60.0
  1.139992  0.000000  0.575475  6.868330e-04  60.0
  1.157897  0.000000  0.544463  7.019085e-04  60.0
  1.175802  0.000000  0.513451  7.285062e-04  60.0
  1.122087  0.000000  0.606488  7.597553e-04  60.0
  1.141659  0.000000  0.535088  7.232232e-04  60.0
  1.068373  0.000000  0.699525  7.393625e-04  60.0
  1.104182  0.000000  0.637500  7.167967e-04  60.0
  1.050468  0.000000  0.730537  7.173149e-04  60.0
  0.164702  0.000000  -0.252453  8.176584e-04  75.0
  0.192081  0.000000  -0.282190  9.760759e-04  75.0
  0.201349  0.000000  -0.316780  9.829875e-04  75.0
  0.173970  0.000000  -0.287043  1.062293e-03  75.0
  0.146591  0.000000  -0.257306  1.003739e-03  75.0
  0.137322  0.000000  -0.222716  1.031847e-03  75.0
  0.164702  0.000000  -0.252453  9.797307e-04  75.0
  0.118786  0.000000  -0.153537  9.435655e-04  75.0
  0.109518  0.000000  -0.118947  1.005572e-03  75.0
  0.136897  0.000000  -0.148684  1.060129e-03  75.0
  0.164276  0.000000  -0.178421  1.127729e-03  75.0
  0.210618  0.000000  -0.351369  9.594383e-04  75.0
  0.183238  0.000000  -0.321632  1.150677e-03  75.0
  0.219886  0.000000  -0.385959  9.999507e-04  75.0
  0.192507  0.000000  -0.356222  1.190562e-03  75.0
  0.146165  0.000000  -0.183274  9.946704e-04  75.0
  0.173970  0.000000  -0.287043  1.067648e-03  75.0
  0.173545  0.000000  -0.213011  9.926658e-04  75.0
  0.220311  0.000000  -0.459991  9.885656e-04  75.0
  0.247691  0.000000  -0.489728  1.041830e-03  75.0
  0.238422  0.000000  -0.455138  1.050991e-03  75.0
  0.211043  0.000000  -0.425401  1.210933e-03  75.0
  0.201775  0.000000  -0.390812  1.045071e-03  75.0
  0.229154  0.000000  -0.420549  1.091393e-03  75.0
  0.256959  0.000000  -0.524318  1.082637e-03  75.0
  0.229580  0.000000  -0.494581  1.033146e-03  75.0
  0.201349  0.000000  -0.316780  1.045847e-03  75.0
  0.155433  0.000000  -0.217863  1.021843e-03  75.0
  0.182813  0.000000  -0.247600  1.047687e-03  75.0
  0.192081  0.000000  -0.282190  1.051394e-03  75.0
  0.506250  0.000000  -0.966866  2.665151e-03  90.0
  0.487500  0.000000  -0.931056  3.118400e-03  90.0
  0.506250  0.000000  -1.038486  2.904563e-03  90.0
  0.506250  0.000000  -1.074296  2.905925e-03  90.0
  0.487500  0.000000  -1.038486  2.976825e-03  90.0
  0.487500  0.000000  -0.895247  2.767522e-03  90.0
  0.506250  0.000000  -0.931056  2.845433e-03  90.0
  0.487500  0.000000  -0.823627  2.724753e-03  90.0
  0.506250  0.000000  1.074296  2.673160e-03  90.0
  0.506250  0.000000  1.038486  2.779598e-03  90.0
  0.487500  0.000000  1.074296  3.058808e-03  90.0
  0.506250  0.000000  0.966866  2.845003e-03  90.0
  0.525000  0.000000  0.931056  2.742084e-03  90.0
  0.487500  0.000000  -0.787817  2.644662e-03  90.0
  0.506250  0.000000  -0.823627  2.900195e-03  90.0
  0.525000  0.000000  -1.110106  2.575798e-03  90.0
  0.506250  0.000000  -1.074296  2.613381e-03  90.0
  0.487500  0.000000  -0.716197  2.533576e-03  90.0
  0.487500  0.000000  1.002676  2.478010e-03  90.0
  0.506250  0.000000  0.823627  2.550298e-03  90.0
  0.525000  0.000000  0.787817  2.696898e-03  90.0
  0.487500  0.000000  0.859437  2.691894e-03  90.0
  0.506250  0.000000  -0.895247  2.441339e-03  90.0
  0.487500  0.000000  -0.644578  2.412784e-03  90.0
  0.506250  0.000000  -0.752007  2.530569e-03  90.0
  0.487500  0.000000  -0.572958  2.390593e-03  90.0
  0.506250  0.000000  -0.966866  2.416601e-03  90.0
  0.525000  0.000000  -1.002676  2.753831e-03  90.0
  0.525000  0.000000  -1.074296  2.441718e-03  90.0
  0.468750  0.000000  -0.537148  2.401226e-03  90.0
  0.757780  0.000000  0.872073  2.049542e-04  105.0
  0.729975  0.000000  0.768304  2.292193e-04  105.0
  0.702170  0.000000  0.664535  2.314469e-04  105.0
  0.674365  0.000000  0.560766  2.188016e-04  105.0
  0.646561  0.000000  0.456997  2.148172e-04  105.0
  0.618756  0.000000  0.353228  2.123177e-04  105.0
  0.590951  0.000000  0.249459  2.114081e-04  105.0
  0.563146  0.000000  0.145690  2.028908e-04  105.0
  0.201683  0.000000  -1.203307  2.026753e-04  105.0
  0.229488  0.000000  -1.099538  2.282413e-04  105.0
  0.257293  0.000000  -0.995769  2.270077e-04  105.0
  0.285098  0.000000  -0.892000  2.152736e-04  105.0
  0.312903  0.000000  -0.788231  2.092671e-04  105.0
  0.340708  0.000000  -0.684462  2.099220e-04  105.0
  0.368512  0.000000  -0.580693  2.042282e-04  105.0
  0.266987  0.000000  -0.887147  1.959885e-04  105.0
  0.239182  0.000000  -0.990916  2.193741e-04  105.0
  0.211377  0.000000  -1.094685  2.204924e-04  105.0
  0.183572  0.000000  -1.198454  2.109571e-04  105.0
  0.294792  0.000000  -0.783378  2.082622e-04  105.0
  0.322596  0.000000  -0.679609  2.128744e-04  105.0
  0.350401  0.000000  -0.575840  2.145298e-04  105.0
  0.378206  0.000000  -0.472071  1.967152e-04  105.0
  0.396317  0.000000  -0.476924  1.983931e-04  105.0
  0.535341  0.000000  0.041921  1.998674e-04  105.0
  0.507536  0.000000  -0.061848  1.973057e-04  105.0
  0.479732  0.000000  -0.165617  1.919986e-04  105.0
  0.451927  0.000000  -0.269386  1.898710e-04  105.0
  0.424122  0.000000  -0.373155  2.116085e-04  105.0
  0.406011  0.000000  -0.368302  1.910513e-04  105.0
  1.904844  0.000000  -0.975713  1.515459e-05  120.0
  1.903177  0.000000  -1.016100  1.867359e-05  120.0
  1.901510  0.000000  -1.056488  1.905627e-05  120.0
  1.899843  0.000000  -1.096875  1.894503e-05  120.0
  1.906511  0.000000  -0.935326  1.883072e-05  120.0
  1.908178  0.000000  -0.894939  1.876243e-05  120.0
  1.898176  0.000000  -1.137262  1.837280e-05  120.0
  1.909845  0.000000  -0.854551  1.754223e-05  120.0
  1.896509  0.000000  -1.177650  1.713047e-05  120.0
  1.911512  0.000000  -0.814164  1.661726e-05  120.0
  1.904844  0.000000  -0.975713  1.598427e-05  120.0
  1.903177  0.000000  -1.016100  1.681691e-05  120.0
  1.901510  0.000000  -1.056488  1.727702e-05  120.0
  1.899843  0.000000  -1.096875  1.677477e-05  120.0
  1.881938  0.000000  -1.127887  1.689543e-05  120.0
  1.880271  0.000000  -1.168275  1.889486e-05  120.0
  1.878604  0.000000  -1.208662  1.916646e-05  120.0
  1.883605  0.000000  -1.087500  1.894384e-05  120.0
  1.885272  0.000000  -1.047113  1.922511e-05  120.0
  1.886939  0.000000  -1.006725  1.883045e-05  120.0
  1.888606  0.000000  -0.966338  1.870990e-05  120.0
  1.890273  0.000000  -0.925951  1.653095e-05  120.0
  1.881938  0.000000  -1.127887  1.638562e-05  120.0
  1.883605  0.000000  -1.087500  1.659476e-05  120.0
  1.885272  0.000000  -1.047113  1.667843e-05  120.0
  1.880271  0.000000  -1.168275  1.656863e-05  120.0
  1.862366  0.000000  -1.199287  1.693104e-05  120.0
  1.860699  0.000000  -1.239674  1.759832e-05  120.0
  1.898176  0.000000  -1.137262  1.720153e-05  120.0
  1.886939  0.000000  -1.006725  1.654619e-05  120.0
  2.453001  0.000000  -1.338859  2.307988e-05  135.0
  2.465064  0.000000  -1.300280  2.814251e-05  135.0
  2.440938  0.000000  -1.377439  2.805355e-05  135.0
  2.477127  0.000000  -1.261700  2.856210e-05  135.0
  2.428874  0.000000  -1.416019  2.841352e-05  135.0
  2.403553  0.000000  -1.441340  2.609794e-05  135.0
  2.415616  0.000000  -1.402760  2.872230e-05  135.0
  2.427679  0.000000  -1.364181  2.942620e-05  135.0
  2.439743  0.000000  -1.325601  2.947275e-05  135.0
  2.451806  0.000000  -1.287021  2.670485e-05  135.0
  2.489190  0.000000  -1.223120  2.604117e-05  135.0
  2.391490  0.000000  -1.479920  2.459402e-05  135.0
  2.416811  0.000000  -1.454598  2.593430e-05  135.0
  2.542223  0.000000  -1.276153  2.435393e-05  135.0
  2.554286  0.000000  -1.237574  2.936771e-05  135.0
  2.530160  0.000000  -1.314733  2.798529e-05  135.0
  2.566350  0.000000  -1.198994  2.785342e-05  135.0
  2.518097  0.000000  -1.353313  2.692689e-05  135.0
  2.492776  0.000000  -1.378634  2.690724e-05  135.0
  2.504839  0.000000  -1.340054  2.694648e-05  135.0
  2.516902  0.000000  -1.301475  2.654877e-05  135.0
  2.542223  0.000000  -1.276153  2.676332e-05  135.0
  2.530160  0.000000  -1.314733  2.652308e-05  135.0
  2.618187  0.000000  -1.200189  2.609573e-05  135.0
  2.606124  0.000000  -1.238769  3.070097e-05  135.0
  2.594061  0.000000  -1.277349  3.074116e-05  135.0
  2.630251  0.000000  -1.161610  2.864543e-05  135.0
  2.428874  0.000000  -1.416019  2.641859e-05  135.0
  2.440938  0.000000  -1.377439  3.126747e-05  135.0
  2.453001  0.000000  -1.338859  2.906210e-05  135.0
  1.013179  0.000000  -2.900793  6.966949e-05  150.0
  1.044191  0.000000  -2.882888  8.395599e-05  150.0
  0.982167  0.000000  -2.918698  8.356887e-05  150.0
  1.075203  0.000000  -2.864983  8.636469e-05  150.0
  0.951154  0.000000  -2.936603  8.604344e-05  150.0
  0.920142  0.000000  -2.954508  7.935410e-05  150.0
  1.013179  0.000000  -2.900793  8.185333e-05  150.0
  1.106216  0.000000  -2.847078  8.835852e-05  150.0
  1.044191  0.000000  -2.882888  8.366284e-05  150.0
  1.137228  0.000000  -2.829173  8.104724e-05  150.0
  0.982167  0.000000  -2.918698  8.179705e-05  150.0
  0.889130  0.000000  -2.972413  8.414520e-05  150.0
  1.075203  0.000000  -2.864983  8.288271e-05  150.0
  0.910767  0.000000  -2.938270  8.023658e-05  150.0
  0.932404  0.000000  -2.904127  8.103086e-05  150.0
  1.013179  0.000000  -2.900793  7.840285e-05  150.0
  1.106216  0.000000  -2.847078  7.960305e-05  150.0
  1.044191  0.000000  -2.882888  7.701513e-05  150.0
  0.982167  0.000000  -2.918698  7.546743e-05  150.0
  0.951154  0.000000  -2.936603  8.125254e-05  150.0
  0.920142  0.000000  -2.954508  8.303631e-05  150.0
  1.013179  0.000000  -2.900793  8.840021e-05  150.0
  0.858118  0.000000  -2.990318  8.445820e-05  150.0
  1.075203  0.000000  -2.864983  7.858489e-05  150.0
  1.168240  0.000000  -2.811268  7.805379e-05  150.0
  0.982167  0.000000  -2.918698  7.763792e-05  150.0
  0.889130  0.000000  -2.972413  8.165960e-05  150.0
  1.003804  0.000000  -2.884555  8.093626e-05  150.0
  0.827105  0.000000  -3.008223  7.807171e-05  150.0
  0.910767  0.000000  -2.938270  7.730339e-05  150.0
  1.127207  0.000000  -2.823206  8.753113e-04  165.0
  1.161796  0.000000  -2.813938  1.201201e-03  165.0
  1.196386  0.000000  -2.804669  1.290056e-03  165.0
  1.230976  0.000000  -2.795401  1.174374e-03  165.0
  1.265565  0.000000  -2.786133  1.038223e-03  165.0
  1.092617  0.000000  -2.832474  1.078704e-03  165.0
  1.058027  0.000000  -2.841742  1.129330e-03  165.0
  1.023438  0.000000  -2.851011  1.130561e-03  165.0
  0.988848  0.000000  -2.860279  1.059149e-03  165.0
  0.954258  0.000000  -2.869547  9.862525e-04  165.0
  1.127207  0.000000  -2.823206  1.016401e-03  165.0
  1.161796  0.000000  -2.813938  1.172062e-03  165.0
  1.196386  0.000000  -2.804669  1.298858e-03  165.0
  1.230976  0.000000  -2.795401  1.271345e-03  165.0
  1.196386  0.000000  -2.804669  9.970882e-04  165.0
  1.161796  0.000000  -2.813938  1.327166e-03  165.0
  1.127207  0.000000  -2.823206  1.205386e-03  165.0
  1.092617  0.000000  -2.832474  1.330807e-03  165.0
  1.058027  0.000000  -2.841742  1.049764e-03  165.0
  1.023438  0.000000  -2.851011  1.107464e-03  165.0
  0.988848  0.000000  -2.860279  1.170343e-03  165.0
  1.161796  0.000000  -2.813938  9.316024e-04  165.0
  1.127207  0.000000  -2.823206  1.207476e-03  165.0
  1.092617  0.000000  -2.832474  1.243641e-03  165.0
  1.058027  0.000000  -2.841742  1.197885e-03  165.0
  1.023438  0.000000  -2.851011  1.211516e-03  165.0
  1.196386  0.000000  -2.804669  1.078437e-03  165.0
  1.161796  0.000000  -2.813938  1.109846e-03  165.0
  1.127207  0.000000  -2.823206  1.244360e-03  165.0
  1.092617  0.000000  -2.832474  1.279594e-03  165.0
  0.429718  0.000000  -3.018750  2.340742e-03  180.0
  0.358099  0.000000  -3.018750  3.083685e-03  180.0
  0.286479  0.000000  -3.018750  2.956076e-03  180.0
  0.501338  0.000000  -3.018750  2.739040e-03  180.0
  0.429718  0.000000  -3.018750  2.940729e-03  180.0
  0.358099  0.000000  -3.018750  3.314315e-03  180.0
  0.572958  0.000000  -3.018750  2.398575e-03  180.0
  0.501338  0.000000  -3.018750  2.817211e-03  180.0
  0.429718  0.000000  -3.018750  3.288043e-03  180.0
  0.358099  0.000000  -3.018750  2.476843e-03  180.0
  0.286479  0.000000  -3.018750  3.005920e-03  180.0
  0.214859  0.000000  -3.018750  3.019923e-03  180.0
  0.429718  0.000000  -3.037500  2.330501e-03  180.0
  0.358099  0.000000  -3.037500  2.773917e-03  180.0
  0.501338  0.000000  -3.037500  2.588992e-03  180.0
  0.429718  0.000000  -3.037500  2.723913e-03  180.0
  0.501338  0.000000  -3.018750  2.676627e-03  180.0
  0.429718  0.000000  -3.018750  2.985221e-03  180.0
  0.572958  0.000000  -3.018750  2.707049e-03  180.0
  0.501338  0.000000  -3.018750  2.983463e-03  180.0
  0.358099  0.000000  -3.018750  2.469470e-03  180.0
  0.429718  0.000000  -3.018750  3.095644e-03  180.0
  0.286479  0.000000  -3.018750  2.983386e-03  180.0
  0.358099  0.000000  -3.018750  3.127010e-03  180.0
  0.429718  0.000000  -3.018750  2.384481e-03  180.0
  0.501338  0.000000  -3.018750  2.958576e-03  180.0
  0.572958  0.000000  -3.018750  2.822258e-03  180.0
  0.644578  0.000000  -3.018750  2.635931e-03  180.0
  0.358099  0.000000  -3.056250  2.193019e-03  180.0
  0.501338  0.000000  -3.018750  2.189261e-03  180.0
