RCS SIMULATOR RESULTS 20260619232837

Simulation Parameters:
    Mode: Monostatic
    Radar Frequency (GHz): 1.0000
    Wavelength (m): 0.300000
    Correlation distance (m): 0.000000
    Standard Deviation (m): 0.000000
    Incident wave polarization: TM-z
    Number of triangles: 12170
    Start phi angle (degrees): 90
    Stop phi angle (degrees): 90
    Phi increment step (degrees): 0
    Start theta angle (degrees): 0
    Stop theta angle (degrees): 180
    Theta increment step (degrees): 2.500000e-01

Simulation Results IR Signature:
Theta (deg):
[0 0.25 0.5 0.75 1 1.25 1.5 1.75 2 2.25 2.5 2.75 3 3.25 3.5 3.75 4 4.25 4.5 4.75 5 5.25 5.5 5.75 6 6.25 6.5 6.75 7 7.25 7.5 7.75 8 8.25 8.5 8.75 9 9.25 9.5 9.75 10 10.25 10.5 10.75 11 11.25 11.5 11.75 12 12.25 12.5 12.75 13 13.25 13.5 13.75 14 14.25 14.5 14.75 15 15.25 15.5 15.75 16 16.25 16.5 16.75 17 17.25 17.5 17.75 18 18.25 18.5 18.75 19 19.25 19.5 19.75 20 20.25 20.5 20.75 21 21.25 21.5 21.75 22 22.25 22.5 22.75 23 23.25 23.5 23.75 24 24.25 24.5 24.75 25 25.25 25.5 25.75 26 26.25 26.5 26.75 27 27.25 27.5 27.75 28 28.25 28.5 28.75 29 29.25 29.5 29.75 30 30.25 30.5 30.75 31 31.25 31.5 31.75 32 32.25 32.5 32.75 33 33.25 33.5 33.75 34 34.25 34.5 34.75 35 35.25 35.5 35.75 36 36.25 36.5 36.75 37 37.25 37.5 37.75 38 38.25 38.5 38.75 39 39.25 39.5 39.75 40 40.25 40.5 40.75 41 41.25 41.5 41.75 42 42.25 42.5 42.75 43 43.25 43.5 43.75 44 44.25 44.5 44.75 45 45.25 45.5 45.75 46 46.25 46.5 46.75 47 47.25 47.5 47.75 48 48.25 48.5 48.75 49 49.25 49.5 49.75 50 50.25 50.5 50.75 51 51.25 51.5 51.75 52 52.25 52.5 52.75 53 53.25 53.5 53.75 54 54.25 54.5 54.75 55 55.25 55.5 55.75 56 56.25 56.5 56.75 57 57.25 57.5 57.75 58 58.25 58.5 58.75 59 59.25 59.5 59.75 60 60.25 60.5 60.75 61 61.25 61.5 61.75 62 62.25 62.5 62.75 63 63.25 63.5 63.75 64 64.25 64.5 64.75 65 65.25 65.5 65.75 66 66.25 66.5 66.75 67 67.25 67.5 67.75 68 68.25 68.5 68.75 69 69.25 69.5 69.75 70 70.25 70.5 70.75 71 71.25 71.5 71.75 72 72.25 72.5 72.75 73 73.25 73.5 73.75 74 74.25 74.5 74.75 75 75.25 75.5 75.75 76 76.25 76.5 76.75 77 77.25 77.5 77.75 78 78.25 78.5 78.75 79 79.25 79.5 79.75 80 80.25 80.5 80.75 81 81.25 81.5 81.75 82 82.25 82.5 82.75 83 83.25 83.5 83.75 84 84.25 84.5 84.75 85 85.25 85.5 85.75 86 86.25 86.5 86.75 87 87.25 87.5 87.75 88 88.25 88.5 88.75 89 89.25 89.5 89.75 90 90.25 90.5 90.75 91 91.25 91.5 91.75 92 92.25 92.5 92.75 93 93.25 93.5 93.75 94 94.25 94.5 94.75 95 95.25 95.5 95.75 96 96.25 96.5 96.75 97 97.25 97.5 97.75 98 98.25 98.5 98.75 99 99.25 99.5 99.75 100 100.25 100.5 100.75 101 101.25 101.5 101.75 102 102.25 102.5 102.75 103 103.25 103.5 103.75 104 104.25 104.5 104.75 105 105.25 105.5 105.75 106 106.25 106.5 106.75 107 107.25 107.5 107.75 108 108.25 108.5 108.75 109 109.25 109.5 109.75 110 110.25 110.5 110.75 111 111.25 111.5 111.75 112 112.25 112.5 112.75 113 113.25 113.5 113.75 114 114.25 114.5 114.75 115 115.25 115.5 115.75 116 116.25 116.5 116.75 117 117.25 117.5 117.75 118 118.25 118.5 118.75 119 119.25 119.5 119.75 120 120.25 120.5 120.75 121 121.25 121.5 121.75 122 122.25 122.5 122.75 123 123.25 123.5 123.75 124 124.25 124.5 124.75 125 125.25 125.5 125.75 126 126.25 126.5 126.75 127 127.25 127.5 127.75 128 128.25 128.5 128.75 129 129.25 129.5 129.75 130 130.25 130.5 130.75 131 131.25 131.5 131.75 132 132.25 132.5 132.75 133 133.25 133.5 133.75 134 134.25 134.5 134.75 135 135.25 135.5 135.75 136 136.25 136.5 136.75 137 137.25 137.5 137.75 138 138.25 138.5 138.75 139 139.25 139.5 139.75 140 140.25 140.5 140.75 141 141.25 141.5 141.75 142 142.25 142.5 142.75 143 143.25 143.5 143.75 144 144.25 144.5 144.75 145 145.25 145.5 145.75 146 146.25 146.5 146.75 147 147.25 147.5 147.75 148 148.25 148.5 148.75 149 149.25 149.5 149.75 150 150.25 150.5 150.75 151 151.25 151.5 151.75 152 152.25 152.5 152.75 153 153.25 153.5 153.75 154 154.25 154.5 154.75 155 155.25 155.5 155.75 156 156.25 156.5 156.75 157 157.25 157.5 157.75 158 158.25 158.5 158.75 159 159.25 159.5 159.75 160 160.25 160.5 160.75 161 161.25 161.5 161.75 162 162.25 162.5 162.75 163 163.25 163.5 163.75 164 164.25 164.5 164.75 165 165.25 165.5 165.75 166 166.25 166.5 166.75 167 167.25 167.5 167.75 168 168.25 168.5 168.75 169 169.25 169.5 169.75 170 170.25 170.5 170.75 171 171.25 171.5 171.75 172 172.25 172.5 172.75 173 173.25 173.5 173.75 174 174.25 174.5 174.75 175 175.25 175.5 175.75 176 176.25 176.5 176.75 177 177.25 177.5 177.75 178 178.25 178.5 178.75 179 179.25 179.5 179.75 180]

RCS Theta (dBsm):
[-7.56104315008188 -7.56445066402699 -7.56428092003588 -7.5443829187581 -7.49419619281002 -7.41576949874809 -7.31635914953947 -7.19854275317409 -7.06491867458057 -6.91723996193491 -6.75547158788615 -6.58279757236981 -6.44127261599083 -6.29564673876235 -6.12224569207347 -5.97007444283772 -5.80236568368538 -5.6205596567965 -5.44475556122696 -5.27006131614405 -5.09661963070859 -4.9260251363766 -4.75181583675313 -4.58115094888983 -4.48058891004231 -4.40877400788655 -4.32745638887533 -4.20440494456081 -4.11232198925231 -4.01086372137256 -3.92425736124316 -3.8207764959059 -3.73125658466882 -3.65856139042329 -3.59431149607597 -3.57240465942001 -3.63113837521175 -3.64871787865775 -3.66273936183359 -3.65380962417631 -3.65161248049904 -3.65535886094348 -3.66605556506604 -3.67745257217937 -3.68003216165575 -3.73243576752306 -3.7785295637886 -3.95800941583746 -4.05421330323458 -4.03483633124092 -4.10900865276883 -4.20465388640608 -4.30903935611976 -4.81315281787753 -4.74668349123288 -5.4342758471069 -5.6037005390236 -5.29418395740196 -6.07560615427214 -5.84040321622491 -5.45734189864744 -5.30060468077307 -4.52923672888679 -4.7363478848199 -4.41285856352052 -4.21834493919204 -4.5316723957137 -4.31011423639268 -4.77380757263306 -4.46606035370161 -5.42104574599033 -6.31677090351634 -7.43343375305439 -8.10143406707811 -9.42004455380398 -11.8323002858617 -13.424388335862 -13.4091519156537 -12.2491154014081 -10.2700339716337 -7.91599666596833 -6.35407132213916 -5.37598778648767 -4.66821327713082 -4.02422449097974 -3.38943197009895 -3.21968483208162 -3.02170844499221 -3.04182094089497 -3.6632373827902 -4.47665271615688 -5.41026731838242 -6.50284741836818 -7.66877387871178 -8.78101582835028 -8.30516807297397 -7.66538242810912 -6.28099807297847 -5.12364697528007 -4.74359820533873 -4.14072254059382 -3.87816042139282 -3.56060812637375 -3.54555639697927 -3.14069695369926 -3.23568622749856 -3.47198687557265 -3.89835892448677 -4.24976923346175 -4.29707261636352 -4.49712557727592 -4.51596543092559 -4.63763307317865 -4.41320587886822 -4.10101834236548 -4.34804270122419 -4.69814643769755 -5.83704001531802 -6.66998145466393 -8.20016230921863 -10.7132503428072 -14.1878431183488 -16.2660500596585 -13.3218993008335 -8.77261100002023 -6.30583128884559 -4.80840022784464 -3.52824000282304 -2.59203415149216 -2.17489052686193 -1.70374895332972 -1.5190188010293 -1.91582479392826 -2.70871025721399 -3.27871030933948 -4.34380184333277 -5.09138552242089 -5.03351607563659 -4.55161684842099 -3.624544223602 -2.72678002044979 -2.04416470094498 -1.72355039890695 -1.35193076256925 -1.57387131676834 -2.2168385627968 -3.09067123204178 -4.19042184184075 -5.78236065321424 -7.39531892235651 -8.70682615412607 -8.47715993752249 -6.95125039000658 -5.72669444340443 -4.81331238531444 -4.38666402001231 -4.50626478287783 -5.08610330446029 -5.73987708463685 -7.04727874466246 -7.77687947546008 -7.46812080757768 -6.33678825507813 -4.96388452989146 -3.60598500275988 -2.64436019051372 -2.22870895571758 -2.30171386028167 -2.74666557090884 -3.89902290760303 -5.87734171353584 -8.47364903515868 -11.8500261001114 -11.3706152102362 -8.17758301747901 -5.36229273221963 -3.52378722979756 -2.39838240817679 -1.88479077078561 -1.92640229707716 -2.43114693709645 -3.47105147028391 -4.78230072544097 -6.36473832736527 -7.12208138143063 -6.47620295024583 -4.86605192726953 -3.35698055411744 -2.49311506290192 -1.9088891231305 -1.94787458431263 -2.52612200971446 -3.77166953960471 -5.49340527939601 -7.38365509173553 -8.39284238095138 -7.93999965258102 -6.18719264036218 -4.80277538088002 -3.8612866856659 -3.8002089555899 -4.46772889602742 -6.19612629005123 -9.52426913040526 -16.6222113594706 -19.8824688921045 -10.3395212374308 -5.86900682577192 -3.53743551307635 -2.1842509624387 -1.65084296790333 -1.86095668610577 -2.91298109735086 -4.89269653090757 -8.48609357571477 -16.1316524875554 -21.8944600750712 -10.6044192127389 -6.44066197260399 -4.32509493008823 -3.36516087414387 -3.30720136804315 -4.11569183448948 -5.64495797629215 -7.61440318927059 -8.08929866803638 -6.18078470671137 -3.86642949281852 -2.10044945953966 -1.03751130183343 -0.677876702435012 -1.03807314888121 -2.24957777691663 -4.74672694161536 -9.52249109552263 -23.0536834826916 -13.4208057097273 -6.71993306588638 -3.46150195994 -1.80646421284386 -1.0685569881116 -1.0376377522638 -1.73432344765517 -2.91937381066845 -4.37179716526089 -5.07852476399661 -4.4642268451681 -3.3394137088906 -2.4835832157197 -2.30828376443393 -2.87096076192473 -4.5506940479874 -7.43927779062854 -10.2823612000868 -7.80964443516167 -3.84421309599653 -1.18418960967802 0.277030114047041 0.684753155396409 0.303325690245054 -0.978268666191545 -2.59453078376426 -2.43088537432261 0.111675201064749 3.01153166832301 5.14758480145488 6.55666213977439 7.25136694203351 7.20949974522021 6.27146735751488 4.11294794761915 -0.577895122715712 -17.4815660367472 -1.32562554815103 5.32501665859079 8.90721706538461 11.1289350870379 12.4610137595694 13.1070630647251 13.13898405336 12.4724366624496 11.007355372893 8.34176589628363 3.62384265986592 -1.2736927280289 5.12289761365777 9.8798888328027 12.737913310986 14.4856478573176 15.4721457928742 15.8644214287805 15.6437184961772 14.843538691293 13.3403142012002 10.9922373547809 7.74915624618315 5.55740222454851 7.79067724043163 10.9600562661303 13.2222452522811 14.665550731331 15.4121994430557 15.5882709769011 15.2139192609803 14.2696943465358 12.7090920259759 10.3152894740932 6.7475194755356 2.16961440718039 1.40430490501855 5.15405140215787 7.92398785198433 9.53724842862668 10.2666603596383 10.3576343048756 9.86052004121902 8.79262227964745 7.11000791598218 4.71597774672995 1.27722480881317 -4.03552006945338 -13.9258575810248 -12.4350087505292 -6.41972594661245 -4.20175552933147 -3.66179341436473 -4.03235844800336 -4.76755053608426 -5.077886270167 -4.17523748159411 -2.03609986416605 0.220581354197939 2.29569768520849 4.03464844855865 5.39447984548681 6.43386055268981 7.03309876596425 7.24059186863928 7.01607011611678 6.36371862886513 5.15581531486277 2.93674155594949 -0.67604337652105 -5.16600113462988 -2.27940317838307 2.7675222618932 6.24628547573025 8.66522021644532 10.4284706236195 11.7476275032487 12.7628245074787 13.5389371357639 14.1370160575184 14.6122289481719 14.9958422393715 15.3175324302175 15.5862110187628 15.8050126608789 15.9685948930199 16.0662548053785 16.0856108189213 16.0174776032263 15.8423598429185 15.5625764848368 15.1608831831583 14.6488098312328 13.9727740800698 13.1417642652283 12.1312880011922 10.9706833453578 9.59354338479942 7.81620364659115 5.81843077920296 3.23624732130232 0.136326535697581 -4.37186495201159 -12.3405482794875 -22.2112625999077 -11.3552998848929 -7.0297504976576 -3.99547506711455 -2.0735697301547 -0.534726201436707 0.599876733780577 1.51316976993479 2.05392704020243 2.34205489679694 2.33009834933754 2.12170659454991 1.64069018442441 0.832474280544593 -0.36467042371723 -1.95871535623807 -3.90888805616103 -6.09270005600355 -8.34427673289679 -8.6019977788387 -7.4265026410002 -6.15481031049499 -4.97521964958017 -4.68608085994676 -4.85126775408823 -5.50174508949304 -6.59878819519975 -7.310171430693 -8.03152035583584 -8.70813252048908 -9.63937267638157 -10.0565518093432 -9.62183472816742 -8.84689797268963 -8.39138668601118 -8.24210255142092 -8.34863813368743 -9.3455775680862 -10.4665527922289 -13.6447273764805 -19.3633393517219 -27.5941956924044 -20.4110681438963 -15.0330403912922 -11.0788097349302 -9.72705481187758 -9.42040445119483 -8.72752146786846 -8.97943128209452 -9.50891751311437 -9.93979709917716 -12.3015364288674 -14.8416247022344 -15.5584114579366 -12.793514425872 -10.3812397780834 -8.82687856715468 -7.61060098741668 -7.48113107737792 -7.10490711852602 -7.52530216117667 -7.15235631471256 -7.85058030401195 -9.43412178281913 -10.9503697460367 -11.5584340376155 -10.1180374502824 -8.66991792517097 -7.61224939482147 -6.45219842149289 -5.8063450657911 -5.76955987647523 -6.0961364249682 -6.56756422008411 -7.41242386726991 -7.91262137574974 -8.83251645493777 -10.0299010456072 -11.3607309357969 -12.8745964234249 -13.6783362760858 -14.6130667099786 -15.2665870454681 -16.3213769702886 -17.2447929250979 -17.1377188926887 -18.7596258883453 -19.5856283987048 -20.7957288015998 -21.995322944415 -23.342783656002 -22.6621966612384 -24.30183391443 -22.1896279154777 -26.2451711951843 -29.5040078692097 -30.9878445318644 -27.8684485792094 -22.2124286258914 -17.9206088744785 -14.1559583175099 -11.8308840840952 -10.0830803644104 -7.99891890522539 -7.08449544120137 -6.59205672133039 -6.82206465019009 -7.01809241893945 -8.29149271320269 -9.86601057760326 -11.2560830266665 -12.6911038876161 -13.8746523549406 -12.29740815428 -10.2757293080386 -9.30458896964737 -8.12556922960296 -7.56278984566317 -7.61757940328655 -8.31497833105977 -9.60181694966642 -11.7709053017884 -15.3629541383371 -21.8740940493343 -21.2172022512417 -14.2043711661568 -11.1680051389273 -10.4870839435307 -9.54587366669933 -9.95501807209246 -10.9424229258176 -12.3669843371199 -14.7759166813357 -19.5026118083733 -25.872289505249 -23.0650683630638 -15.5371735418509 -12.7931621589928 -11.1705607859574 -10.6290761604361 -9.6243424858634 -9.13075410588781 -8.38847856417484 -7.23275050427914 -7.05512886163608 -5.98047438856155 -5.88478950964412 -5.93347619193196 -6.33632722233923 -7.19815656279096 -8.35070603476769 -9.81676615251933 -10.6283869857356 -9.65179102107591 -7.37463574593622 -5.46699901908017 -4.11843782651653 -3.06686003554736 -2.61886234084974 -2.31335672166218 -2.46808116384419 -3.1133640538839 -4.16478810001999 -5.64106101419427 -7.69578957336042 -10.150427807248 -13.1756795462034 -14.0246773517779 -11.9852301332626 -10.0022544834991 -8.78404979152182 -8.15523886696839 -8.12051881380185 -8.71907582609098 -10.0803888106781 -12.4253143512134 -15.8630929123812 -20.47915391254 -19.8993679123129 -16.884564428935 -14.3666585891587 -12.6234206280888 -11.4758559404094 -11.0002864080846 -11.3716720818763 -11.5989868001065 -12.3388463226121 -12.865040334645 -13.1599999427428 -12.1750835472792 -10.5024944613652 -8.80455703879583 -7.45038404344684 -6.45850741729848 -5.81389235326816 -5.27801895893701 -5.20428565124348 -5.04654726575698 -5.09814710634157 -5.20377765499313 -5.58943186715076 -6.04656541931063 -6.76751559192557 -6.80483399147929 -7.46902067218836 -8.252503504255 -8.26218810973804 -8.69020275600455 -8.89542323747051 -8.79058610557177 -8.76409787398805 -8.31777851401342 -7.7283122837277 -7.43289849412798 -7.20928234872821 -6.85714042850621 -6.37050307815548 -6.43399021059199 -6.44445538366031 -6.68067421068468 -7.25420263978184 -7.6947569659839 -8.46400482286093 -9.83692307001176 -11.255778868134 -14.0227680528578 -16.9700596413764 -18.7892267071058 -17.2469746801174 -13.850609086224 -11.0837023162427 -9.24957485563301 -7.82325485015817 -6.41788429179819 -5.30602514397741 -4.53638991187961 -3.79245516109495 -3.51577763970013 -3.22452151451979 -3.20945256975303 -3.19538483033315 -3.41596426448441 -3.71556167550527 -4.26383268567093 -5.11867459228397 -6.01444209677614 -7.44413892951763 -8.9715426973351 -10.4345484583099 -11.8384529435149 -11.8302831818557 -10.3357668972417 -8.48938990839064 -6.65736769252244 -5.05891855434008 -3.63830443366636 -2.55014057877442 -1.71297989508049 -1.12455107008106 -0.660463607723442 -0.360801673957359 -0.226894866892392 -0.200542655577444 -0.404849980120603 -0.849579703634202 -1.44438287780167 -2.48241762503893 -3.73204014195227 -5.49522807487272 -7.68119905409919 -9.39386617965206 -8.9959889964964 -6.58017759695202 -3.82785672251267 -1.42794376802819 0.565663284857914 2.22634887960587 3.62129091798443 4.78873727328746 5.77418082814554 6.59809709636541 7.27890417144103 7.8253445638081 8.24088239406824 8.54332431405768 8.72196654295943 8.77084675357212 8.69374809890889 8.48656775776987 8.13070684891559 7.58449549940651 6.8410218907201 5.84160079576187 4.51416492005307 2.76729036280531 0.361814845585624 -2.73047773996292 -4.94362005855396 -2.88498898776712 0.737364338631321 3.76173418949243 6.16385041570666 8.08095526751081 9.65743101075023 10.9732633938398 12.0924793225961 13.0388893184984 13.8376687421767 14.5166164147136 15.0761904055675 15.5389783266246 15.9028556259455 16.1842010261916 16.3844227327644 16.5030176284718 16.5452166312686 16.5215167775681 16.434093850392 16.2892099419875 16.1026435725853 15.8825078476647 15.6547654207206 15.4508948904999 15.3029438493957 15.2473024715581 15.3173916871877 15.5290934141962 15.8787160214803 16.3432275928405 16.8890174618039 17.4792686907185 18.0856797654293 18.6803851695384 19.2467898621429 19.7737207151316 20.2518593824275 20.6779563596243 21.0486790522587 21.3627945479925 21.6196458084252 21.8195734681412 21.962152906995 22.0555661356574 22.0748918424064]

Phi (deg):
[90 90 90 90 90 90 90 90 90 90 90 90 90 90 90 90 90 90 90 90 90 90 90 90 90 90 90 90 90 90 90 90 90 90 90 90 90 90 90 90 90 90 90 90 90 90 90 90 90 90 90 90 90 90 90 90 90 90 90 90 90 90 90 90 90 90 90 90 90 90 90 90 90 90 90 90 90 90 90 90 90 90 90 90 90 90 90 90 90 90 90 90 90 90 90 90 90 90 90 90 90 90 90 90 90 90 90 90 90 90 90 90 90 90 90 90 90 90 90 90 90 90 90 90 90 90 90 90 90 90 90 90 90 90 90 90 90 90 90 90 90 90 90 90 90 90 90 90 90 90 90 90 90 90 90 90 90 90 90 90 90 90 90 90 90 90 90 90 90 90 90 90 90 90 90 90 90 90 90 90 90 90 90 90 90 90 90 90 90 90 90 90 90 90 90 90 90 90 90 90 90 90 90 90 90 90 90 90 90 90 90 90 90 90 90 90 90 90 90 90 90 90 90 90 90 90 90 90 90 90 90 90 90 90 90 90 90 90 90 90 90 90 90 90 90 90 90 90 90 90 90 90 90 90 90 90 90 90 90 90 90 90 90 90 90 90 90 90 90 90 90 90 90 90 90 90 90 90 90 90 90 90 90 90 90 90 90 90 90 90 90 90 90 90 90 90 90 90 90 90 90 90 90 90 90 90 90 90 90 90 90 90 90 90 90 90 90 90 90 90 90 90 90 90 90 90 90 90 90 90 90 90 90 90 90 90 90 90 90 90 90 90 90 90 90 90 90 90 90 90 90 90 90 90 90 90 90 90 90 90 90 90 90 90 90 90 90 90 90 90 90 90 90 90 90 90 90 90 90 90 90 90 90 90 90 90 90 90 90 90 90 90 90 90 90 90 90 90 90 90 90 90 90 90 90 90 90 90 90 90 90 90 90 90 90 90 90 90 90 90 90 90 90 90 90 90 90 90 90 90 90 90 90 90 90 90 90 90 90 90 90 90 90 90 90 90 90 90 90 90 90 90 90 90 90 90 90 90 90 90 90 90 90 90 90 90 90 90 90 90 90 90 90 90 90 90 90 90 90 90 90 90 90 90 90 90 90 90 90 90 90 90 90 90 90 90 90 90 90 90 90 90 90 90 90 90 90 90 90 90 90 90 90 90 90 90 90 90 90 90 90 90 90 90 90 90 90 90 90 90 90 90 90 90 90 90 90 90 90 90 90 90 90 90 90 90 90 90 90 90 90 90 90 90 90 90 90 90 90 90 90 90 90 90 90 90 90 90 90 90 90 90 90 90 90 90 90 90 90 90 90 90 90 90 90 90 90 90 90 90 90 90 90 90 90 90 90 90 90 90 90 90 90 90 90 90 90 90 90 90 90 90 90 90 90 90 90 90 90 90 90 90 90 90 90 90 90 90 90 90 90 90 90 90 90 90 90 90 90 90 90 90 90 90 90 90 90 90 90 90 90 90 90 90 90 90 90 90 90 90 90 90 90 90 90 90 90 90 90 90 90 90 90 90 90 90 90 90 90 90 90 90 90 90 90 90 90 90 90 90 90 90 90 90 90 90 90 90 90 90 90 90 90 90 90 90 90 90 90 90 90 90 90 90 90 90 90 90 90 90 90]

RCS Phi (dBsm):
[-100 -100 -100 -100 -100 -100 -100 -100 -100 -100 -100 -100 -100 -100 -100 -100 -100 -100 -100 -100 -100 -100 -100 -100 -100 -100 -100 -100 -100 -100 -100 -100 -100 -100 -100 -100 -100 -100 -100 -100 -100 -100 -100 -100 -100 -100 -100 -100 -100 -100 -100 -100 -100 -100 -100 -100 -100 -100 -100 -100 -100 -100 -100 -100 -100 -100 -100 -100 -100 -100 -100 -100 -100 -100 -100 -100 -100 -100 -100 -100 -100 -100 -100 -100 -100 -100 -100 -100 -100 -100 -100 -100 -100 -100 -100 -100 -100 -100 -100 -100 -100 -100 -100 -100 -100 -100 -100 -100 -100 -100 -100 -100 -100 -100 -100 -100 -100 -100 -100 -100 -100 -100 -100 -100 -100 -100 -100 -100 -100 -100 -100 -100 -100 -99.9999999999999 -100 -100 -100 -100 -100 -100 -100 -100 -100 -100 -100 -100 -100 -100 -100 -100 -100 -100 -100 -100 -100 -100 -100 -100 -100 -100 -100 -100 -100 -100 -100 -100 -100 -100 -100 -100 -100 -100 -100 -100 -100 -100 -100 -100 -100 -100 -100 -100 -100 -100 -100 -100 -100 -100 -100 -100 -100 -100 -100 -100 -100 -100 -100 -100 -100 -100 -100 -100 -100 -100 -100 -100 -100 -100 -100 -100 -100 -100 -100 -100 -100 -100 -100 -100 -100 -100 -100 -100 -100 -100 -100 -100 -100 -100 -100 -100 -100 -100 -100 -100 -100 -100 -100 -100 -100 -100 -100 -100 -100 -100 -100 -100 -100 -100 -100 -100 -100 -100 -100 -100 -100 -100 -100 -100 -100 -100 -100 -100 -100 -100 -100 -100 -100 -100 -100 -100 -100 -100 -100 -100 -100 -100 -100 -100 -100 -100 -100 -100 -100 -100 -100 -100 -100 -100 -100 -100 -100 -100 -99.9999999999999 -99.9999999999998 -99.9999999999999 -100 -100 -100 -100 -100 -100 -100 -100 -100 -100 -100 -100 -100 -100 -100 -100 -100 -100 -100 -100 -100 -100 -100 -100 -100 -100 -100 -100 -100 -100 -100 -100 -100 -100 -100 -100 -100 -100 -100 -99.9999999999998 -100 -99.9999999999999 -100 -99.9999999999999 -100 -100 -100 -100 -100 -100 -100 -100 -100 -100 -100 -100 -100 -100 -100 -100 -100 -100 -100 -100 -100 -100 -99.9999999999178 -99.9999999999196 -99.9999999999258 -99.9999999999184 -99.9999999999137 -99.9999999999025 -99.9999999999008 -99.9999999998918 -99.9999999998881 -99.99999999989 -99.999999999889 -99.9999999998915 -99.9999999998934 -99.9999999998965 -99.9999999999005 -99.9999999999235 -99.9999999999292 -99.9999999999359 -99.9999999999496 -99.9999999999439 -99.9999999999378 -99.9999999999346 -99.9999999999336 -99.9999999999326 -99.9999999999428 -99.9999999999578 -99.9999999999599 -99.9999999999547 -99.9999999999503 -99.999999999948 -99.9999999999309 -99.9999999999349 -99.9999999999306 -99.9999999999301 -99.9999999999307 -99.9999999999293 -99.9999999999295 -99.9999999999228 -99.999999999925 -99.9999999999307 -99.9999999999301 -99.9999999999119 -99.9999999999001 -99.9999999998968 -99.9999999998971 -99.9999999998973 -99.9999999999021 -99.9999999999147 -99.9999999999213 -99.999999999918 -99.999999999915 -99.9999999999125 -99.9999999999067 -99.9999999999074 -99.9999999999138 -99.9999999999098 -99.9999999999159 -99.9999999999191 -99.999999999919 -99.9999999999186 -99.9999999999239 -99.9999999999365 -99.9999999999383 -99.9999999999385 -99.9999999999341 -99.9999999999326 -99.9999999999317 -99.9999999999383 -99.9999999999516 -99.999999999959 -99.9999999999568 -99.9999999999438 -99.9999999999382 -99.9999999999301 -99.999999999931 -99.9999999999159 -99.9999999999063 -99.999999999879 -99.9999999998596 -99.999999999852 -99.9999999998511 -99.9999999998539 -99.9999999998475 -99.999999999851 -99.9999999998414 -99.9999999998379 -99.9999999998398 -99.9999999998462 -99.999999999876 -99.9999999998933 -99.9999999999087 -99.9999999999066 -99.9999999999054 -99.9999999999103 -99.9999999999168 -99.9999999999368 -99.9999999999378 -99.9999999999443 -99.999999999948 -99.9999999999456 -99.9999999999462 -99.9999999999621 -99.9999999999694 -99.9999999999777 -99.9999999999778 -99.9999999999784 -99.9999999999781 -99.9999999999856 -99.9999999999845 -99.999999999987 -99.9999999999862 -99.9999999999852 -99.9999999999826 -99.9999999999776 -99.9999999999738 -99.9999999999722 -99.9999999999694 -99.9999999999675 -99.999999999965 -99.9999999999627 -99.9999999999607 -99.9999999999593 -99.9999999999546 -99.9999999999561 -99.9999999999555 -99.9999999999577 -99.9999999999576 -99.9999999999581 -99.9999999999593 -99.9999999999597 -99.9999999999607 -99.9999999999609 -99.9999999999634 -99.9999999999648 -99.9999999999667 -99.9999999999689 -99.9999999999713 -99.9999999999737 -99.9999999999746 -99.9999999999766 -99.999999999977 -99.9999999999779 -99.9999999999795 -99.9999999999816 -99.9999999999827 -99.9999999999843 -99.9999999999859 -99.9999999999877 -99.9999999999897 -99.9999999999917 -99.9999999999937 -99.9999999999953 -99.9999999999967 -99.9999999999979 -99.9999999999989 -99.9999999999995 -99.9999999999996 -99.9999999999988 -99.9999999999975 -99.9999999999953 -99.999999999992 -99.9999999999888 -99.9999999999841 -99.9999999999788 -99.9999999999732 -99.9999999999662 -99.9999999999571 -99.9999999999486 -99.9999999999393 -99.9999999999305 -99.9999999999217 -99.9999999999121 -99.9999999999063 -99.9999999998991 -99.9999999998929 -99.9999999998888 -99.9999999998858 -99.9999999998843 -99.9999999998865 -99.9999999998894 -99.9999999998945 -99.9999999999004 -99.9999999999085 -99.9999999999163 -99.9999999999251 -99.9999999999344 -99.9999999999447 -99.9999999999548 -99.9999999999649 -99.9999999999755 -99.9999999999828 -99.9999999999899 -99.9999999999949 -99.9999999999981 -99.9999999999998 -99.9999999999998 -99.9999999999984 -99.9999999999956 -99.9999999999911 -99.9999999999852 -99.9999999999792 -99.999999999974 -99.9999999999672 -99.9999999999618 -99.9999999999548 -99.9999999999501 -99.9999999999468 -99.9999999999456 -99.9999999999447 -99.9999999999429 -99.9999999999431 -99.9999999999453 -99.9999999999489 -99.999999999953 -99.999999999958 -99.9999999999622 -99.9999999999663 -99.9999999999704 -99.9999999999755 -99.9999999999766 -99.9999999999798 -99.9999999999807 -99.9999999999811 -99.99999999998 -99.9999999999801 -99.9999999999797 -99.9999999999796 -99.9999999999787 -99.999999999978 -99.9999999999774 -99.9999999999767 -99.9999999999777 -99.9999999999787 -99.999999999981 -99.9999999999836 -99.9999999999872 -99.9999999999901 -99.9999999999931 -99.9999999999955 -99.9999999999976 -99.9999999999991 -99.9999999999998 -99.9999999999995 -99.9999999999984 -99.9999999999963 -99.999999999993 -99.9999999999889 -99.9999999999845 -99.9999999999797 -99.9999999999745 -99.9999999999706 -99.999999999966 -99.9999999999642 -99.9999999999635 -99.999999999963 -99.9999999999643 -99.9999999999661 -99.9999999999704 -99.999999999974 -99.999999999978 -99.9999999999841 -99.9999999999891 -99.9999999999928 -99.999999999995 -99.9999999999968 -99.9999999999967 -99.9999999999958 -99.9999999999929 -99.9999999999882 -99.9999999999822 -99.9999999999748 -99.9999999999673 -99.9999999999607 -99.9999999999556 -99.9999999999482 -99.9999999999456 -99.9999999999433 -99.9999999999444 -99.9999999999476 -99.9999999999522 -99.9999999999582 -99.9999999999653 -99.9999999999724 -99.9999999999815 -99.9999999999868 -99.999999999992 -99.9999999999944 -99.9999999999932 -99.9999999999878 -99.9999999999793 -99.9999999999663 -99.9999999999495 -99.9999999999293 -99.9999999999076 -99.9999999998841 -99.99999999986 -99.9999999998373 -99.9999999998169 -99.9999999997999 -99.9999999997876 -99.9999999997807 -99.9999999997797 -99.9999999997853 -99.9999999997966 -99.9999999998132 -99.9999999998344 -99.9999999998586 -99.9999999998857 -99.9999999999118 -99.9999999999377 -99.99999999996 -99.9999999999773 -99.9999999999893 -99.9999999999943 -99.9999999999918 -99.9999999999818 -99.9999999999647 -99.9999999999408 -99.9999999999119 -99.9999999998784 -99.9999999998432 -99.9999999998068 -99.999999999772 -99.9999999997407 -99.999999999713 -99.9999999996912 -99.9999999996763 -99.9999999996685 -99.9999999996682 -99.9999999996751 -99.9999999996871 -99.999999999705 -99.999999999727 -99.9999999997518 -99.999999999778 -99.9999999998039 -99.9999999998284 -99.9999999998508 -99.9999999998702 -99.999999999886 -99.9999999998984 -99.9999999999073 -99.9999999999133 -99.9999999999169 -99.9999999999189 -99.99999999992 -99.9999999999211 -99.9999999999228 -99.9999999999258 -99.9999999999302 -99.9999999999362 -99.9999999999438 -99.9999999999525 -99.9999999999621 -99.9999999999717 -99.9999999999808 -99.9999999999887 -99.9999999999948 -99.9999999999987 -100]
