RCS SIMULATOR RESULTS 20260619234214

Simulation Parameters:
    Mode: Monostatic
    Radar Frequency (GHz): 1.0000
    Wavelength (m): 0.300000
    Correlation distance (m): 0.000000
    Standard Deviation (m): 0.000000
    Incident wave polarization: TM-z
    Number of triangles: 12170
    Start phi angle (degrees): 90
    Stop phi angle (degrees): 90
    Phi increment step (degrees): 0
    Start theta angle (degrees): 0
    Stop theta angle (degrees): 180
    Theta increment step (degrees): 5.000000e-01

Simulation Results IR Signature:
Theta (deg):
[0 0.5 1 1.5 2 2.5 3 3.5 4 4.5 5 5.5 6 6.5 7 7.5 8 8.5 9 9.5 10 10.5 11 11.5 12 12.5 13 13.5 14 14.5 15 15.5 16 16.5 17 17.5 18 18.5 19 19.5 20 20.5 21 21.5 22 22.5 23 23.5 24 24.5 25 25.5 26 26.5 27 27.5 28 28.5 29 29.5 30 30.5 31 31.5 32 32.5 33 33.5 34 34.5 35 35.5 36 36.5 37 37.5 38 38.5 39 39.5 40 40.5 41 41.5 42 42.5 43 43.5 44 44.5 45 45.5 46 46.5 47 47.5 48 48.5 49 49.5 50 50.5 51 51.5 52 52.5 53 53.5 54 54.5 55 55.5 56 56.5 57 57.5 58 58.5 59 59.5 60 60.5 61 61.5 62 62.5 63 63.5 64 64.5 65 65.5 66 66.5 67 67.5 68 68.5 69 69.5 70 70.5 71 71.5 72 72.5 73 73.5 74 74.5 75 75.5 76 76.5 77 77.5 78 78.5 79 79.5 80 80.5 81 81.5 82 82.5 83 83.5 84 84.5 85 85.5 86 86.5 87 87.5 88 88.5 89 89.5 90 90.5 91 91.5 92 92.5 93 93.5 94 94.5 95 95.5 96 96.5 97 97.5 98 98.5 99 99.5 100 100.5 101 101.5 102 102.5 103 103.5 104 104.5 105 105.5 106 106.5 107 107.5 108 108.5 109 109.5 110 110.5 111 111.5 112 112.5 113 113.5 114 114.5 115 115.5 116 116.5 117 117.5 118 118.5 119 119.5 120 120.5 121 121.5 122 122.5 123 123.5 124 124.5 125 125.5 126 126.5 127 127.5 128 128.5 129 129.5 130 130.5 131 131.5 132 132.5 133 133.5 134 134.5 135 135.5 136 136.5 137 137.5 138 138.5 139 139.5 140 140.5 141 141.5 142 142.5 143 143.5 144 144.5 145 145.5 146 146.5 147 147.5 148 148.5 149 149.5 150 150.5 151 151.5 152 152.5 153 153.5 154 154.5 155 155.5 156 156.5 157 157.5 158 158.5 159 159.5 160 160.5 161 161.5 162 162.5 163 163.5 164 164.5 165 165.5 166 166.5 167 167.5 168 168.5 169 169.5 170 170.5 171 171.5 172 172.5 173 173.5 174 174.5 175 175.5 176 176.5 177 177.5 178 178.5 179 179.5 180]

RCS Theta (dBsm):
[-11.2164998356047 -11.2741895050365 -11.3743132602716 -11.2681627619186 -10.5684039297442 -9.23726626156643 -7.68687049857389 -6.15915945046545 -4.82867406211925 -3.71975951084285 -2.90476633026597 -2.44176769458154 -2.19614023347449 -2.25356052936026 -2.550633609331 -3.08920274140862 -3.79195075206056 -4.51153071473526 -5.1004927509905 -5.29731132174743 -4.96245307043767 -4.35809858076357 -3.9076106433213 -3.67537307570136 -3.5140834846625 -3.79125637127742 -4.46197591913159 -5.49376026905568 -6.55452767595078 -7.50837252228855 -7.48902330437637 -6.85585158426252 -5.94112966451437 -5.27753012993053 -5.0368518435184 -5.59692335598757 -6.86491262082688 -8.7046951527592 -10.3296578362668 -9.25895090081099 -6.90089676005918 -4.8072863087871 -3.52972837137806 -3.06913531020834 -3.34619717447494 -4.50794260546004 -6.30153672410912 -7.79905647225383 -7.22905360294578 -5.63702244799315 -4.36877615999862 -3.75985425506572 -4.28139793015529 -5.44012962381713 -7.24674824615656 -7.72524461241734 -6.3525433884023 -4.83618681309394 -4.30339718256094 -4.94962218845394 -6.85332335814449 -8.8760824062489 -7.42502464539196 -4.47787568103764 -2.55934501352384 -1.93729070527841 -2.61252479199973 -4.60903564348932 -6.91348502280892 -6.17060291827679 -3.62480167972217 -2.05432551615849 -1.84219959503168 -2.98420245761834 -5.05948614461443 -6.33176177672639 -5.03370922291064 -3.74895518784885 -3.82723728257092 -5.78059309642871 -9.11205779962579 -7.976671564151 -4.29464638584887 -2.60847816118027 -3.0129712305145 -5.93106411124835 -11.3519932253104 -7.66122897506655 -3.13022946089836 -1.43568791394776 -1.93100036401335 -4.47347106888598 -7.48154046147671 -5.54886844279913 -2.97915227701477 -2.58611874457418 -4.55737000426098 -8.46044154851884 -7.54786941544968 -3.97789027518471 -3.0606004653913 -5.15563346368639 -13.426362716402 -13.4844789758359 -5.04487600423803 -2.97803686650791 -4.40349149223367 -11.5020128848719 -14.8093957385137 -4.82354603042866 -2.34686072150142 -3.25149417492247 -7.39947082798774 -7.94600719457775 -3.20629013571743 -1.61886574111172 -3.4316351186987 -11.7414905642164 -10.5363501481941 -2.45716486510898 -0.272844231301593 -1.01501917226508 -3.58294376510932 -4.09768144427335 -2.49907847512185 -3.25070584633073 -8.81428094527062 -7.83852969211985 -1.14640926439055 0.65426170828037 -1.38619450410527 -3.35126155193172 2.80963748536643 6.49611134600514 7.08361463619638 3.82872830582187 -16.8979668966143 5.63872418253641 11.2797663869937 13.2329355027698 12.5742564888127 8.44731322732869 -0.139474626016857 10.0059875565138 14.5034718289213 15.8233722083672 14.7490040826115 10.7220075878413 4.33617221299894 10.489523416173 14.3525105854523 15.2884177565391 13.9563288597575 9.91943858056858 2.41602299037007 6.26760386685783 10.162449066954 10.9189328325137 9.43875778338726 5.66656915875162 -1.75400101523322 -16.8728048169582 -6.8903344518718 -6.38333287225599 -7.11562591186429 -2.37689763582635 2.33766058620156 5.45350200571853 7.09977909414096 7.20116528953694 5.30167115312886 -0.415537903742563 -2.6997160899149 6.13264086675524 10.4151899024046 12.7628245074787 14.1370160575184 14.9958422393715 15.5862110187628 15.9685948930199 16.0856108189213 15.8423598429185 15.1608831831583 14.0025663356493 12.2085827192603 9.61481407967048 5.95599003977428 0.769021059088429 -6.09242962827914 -8.0500477823293 -4.45373846395309 -1.21545916505215 0.431350686213772 1.22246418770284 0.600032039423142 -1.86673779046849 -7.36217866696269 -15.2462716906423 -7.74593758865341 -4.39225107399366 -3.91725900936158 -5.19538626684838 -7.89352373762199 -11.9553964117118 -17.8445403831769 -29.9356530777202 -25.4121560231964 -20.817472069941 -22.082940887824 -21.832316137864 -14.2743930341746 -9.78390684835552 -7.75141691076108 -7.65732399168514 -9.8542172177821 -16.492614934454 -19.6792135286118 -10.458409776728 -7.11099844095005 -6.41011910333352 -7.89274385930691 -12.2894464800887 -26.161884459853 -16.3391346310061 -11.5313967973538 -10.773045412209 -12.9831516716257 -19.3262770485729 -23.2929228151774 -16.4852513999384 -14.4072996201925 -15.8128295439452 -20.5376374607453 -30.3005928039159 -24.1243010507654 -20.0119565128519 -18.9644623388539 -17.9734479818223 -16.9498585564055 -15.6276714409167 -13.7558622613843 -11.8207061963255 -11.0277614172407 -11.4795457377247 -12.6014562525555 -12.3628162579133 -10.6829439641568 -9.83060559906841 -10.4737177149558 -13.2956207024645 -18.1332903696808 -16.8161119781503 -12.8553195307778 -11.3587680331086 -12.4750707960401 -16.1049764974038 -22.8826908348431 -22.9329001310769 -18.8342159723197 -16.635149147455 -13.6342212703769 -10.7903544092309 -9.0714290169261 -8.34937992483219 -8.19729743963338 -7.66233268849878 -6.34641098413011 -4.95970705791107 -4.09151628148882 -4.16363367426584 -4.96871953363985 -6.42832720234586 -7.96430378290718 -9.26872211401136 -10.2391853690623 -11.9549567566579 -15.5199013649742 -23.3399112013971 -21.1488912353491 -14.4614347014657 -11.2806961559907 -9.51644909091343 -8.41099875591356 -7.80447565735837 -7.28197101952374 -6.76521134050788 -6.60996372872541 -6.60809230374803 -6.86685370472131 -7.55011882896389 -8.23838812229499 -8.65836774795661 -8.8127883214544 -8.79820225748704 -8.6969997707239 -8.77144556014062 -8.77897254656528 -9.07209543188137 -9.89711877991853 -11.3853911537211 -14.0874216028268 -20.9582232484275 -22.4603879957523 -12.6740077313934 -7.97772614392186 -5.53255040042421 -3.9498971578579 -3.36970963471638 -3.45251482119215 -4.30160707255182 -5.91706507753926 -8.45193409728601 -12.1649993343359 -13.9734377586164 -10.1477250025842 -6.29429262795788 -3.54339571945305 -1.64783713014591 -0.48715356534314 -0.00293000606570772 -0.226658025448208 -1.25449666628882 -3.35966212435734 -6.58704619034651 -7.10846295045992 -2.70007402776382 1.2527305268249 4.0675558808216 6.09709104076724 7.51479133582586 8.4216975314222 8.85685271580475 8.80390835348039 8.21994311010993 6.94598776822433 4.66740073750097 0.588445503403301 -5.09604897874999 0.362482415537688 5.94704952567549 9.52309526571391 12.0098800380035 13.7900047076183 15.0493395215426 15.8975205026251 16.3916233618431 16.5614839084937 16.450032288971 16.1260151648761 15.6673093680042 15.3056159443754 15.3173916871877 15.8787160214803 16.8890174618039 18.0856797654293 19.2467898621429 20.2518593824275 21.0486790522587 21.6196458084252 21.962152906995 22.0748918424064]

Phi (deg):
[90 90 90 90 90 90 90 90 90 90 90 90 90 90 90 90 90 90 90 90 90 90 90 90 90 90 90 90 90 90 90 90 90 90 90 90 90 90 90 90 90 90 90 90 90 90 90 90 90 90 90 90 90 90 90 90 90 90 90 90 90 90 90 90 90 90 90 90 90 90 90 90 90 90 90 90 90 90 90 90 90 90 90 90 90 90 90 90 90 90 90 90 90 90 90 90 90 90 90 90 90 90 90 90 90 90 90 90 90 90 90 90 90 90 90 90 90 90 90 90 90 90 90 90 90 90 90 90 90 90 90 90 90 90 90 90 90 90 90 90 90 90 90 90 90 90 90 90 90 90 90 90 90 90 90 90 90 90 90 90 90 90 90 90 90 90 90 90 90 90 90 90 90 90 90 90 90 90 90 90 90 90 90 90 90 90 90 90 90 90 90 90 90 90 90 90 90 90 90 90 90 90 90 90 90 90 90 90 90 90 90 90 90 90 90 90 90 90 90 90 90 90 90 90 90 90 90 90 90 90 90 90 90 90 90 90 90 90 90 90 90 90 90 90 90 90 90 90 90 90 90 90 90 90 90 90 90 90 90 90 90 90 90 90 90 90 90 90 90 90 90 90 90 90 90 90 90 90 90 90 90 90 90 90 90 90 90 90 90 90 90 90 90 90 90 90 90 90 90 90 90 90 90 90 90 90 90 90 90 90 90 90 90 90 90 90 90 90 90 90 90 90 90 90 90 90 90 90 90 90 90 90 90 90 90 90 90 90 90 90 90 90 90 90 90 90 90 90 90 90 90 90 90 90 90 90 90 90 90 90 90]

RCS Phi (dBsm):
[-100 -100 -100 -100 -100 -100 -100 -100 -100 -100 -100 -100 -100 -100 -100 -100 -100 -100 -100 -100 -100 -100 -100 -100 -100 -100 -100 -100 -100 -100 -100 -100 -100 -100 -100 -100 -100 -100 -100 -100 -100 -100 -100 -100 -100 -100 -100 -100 -100 -100 -100 -100 -100 -100 -100 -100 -100 -100 -100 -100 -100 -100 -100 -100 -100 -100 -100 -100 -100 -100 -100 -100 -100 -100 -100 -100 -100 -100 -100 -100 -100 -100 -100 -100 -100 -100 -100 -100 -100 -100 -100 -100 -100 -100 -100 -100 -100 -100 -100 -100 -100 -100 -100 -100 -100 -100 -100 -100 -100 -100 -100 -100 -100 -100 -100 -100 -100 -100 -100 -100 -100 -100 -100 -100 -100 -100 -100 -100 -100 -100 -100 -100 -100 -100 -100 -100 -100 -100 -100 -100 -100 -100 -100 -100 -100 -100 -99.9999999999999 -99.9999999999999 -100 -100 -100 -100 -100 -100 -100 -100 -100 -100 -100 -100 -100 -100 -100 -99.9999999999999 -99.9999999999999 -100 -100 -99.9999999999997 -99.9999999999999 -99.9999999999999 -100 -100 -100 -100 -100 -100 -100 -100 -100 -100 -100 -99.9999999999196 -99.9999999999184 -99.9999999999023 -99.9999999998926 -99.9999999998899 -99.9999999998922 -99.9999999998968 -99.9999999999233 -99.9999999999354 -99.9999999999435 -99.9999999999338 -99.9999999999926 -99.9999999999933 -99.9999999999938 -99.9999999999942 -99.9999999999941 -99.9999999999941 -99.9999999999943 -99.9999999999937 -99.9999999999935 -99.9999999999934 -99.9999999999934 -99.9999999999935 -99.999999999994 -99.9999999999941 -99.9999999999951 -99.9999999999951 -99.9999999999962 -99.9999999999974 -99.9999999999982 -99.9999999999988 -99.9999999999993 -99.9999999999996 -99.9999999999996 -99.999999999999 -99.9999999999982 -99.9999999999965 -99.9999999999951 -99.9999999999937 -99.9999999999925 -99.9999999999908 -99.9999999999892 -99.9999999999891 -99.9999999999891 -99.9999999999912 -99.9999999999918 -99.999999999994 -99.9999999999955 -99.9999999999972 -99.9999999999987 -99.9999999999991 -99.9999999999982 -99.9999999999961 -99.9999999999931 -99.9999999999894 -99.9999999999853 -99.9999999999782 -99.9999999999732 -99.9999999999666 -99.9999999999627 -99.9999999999596 -99.9999999999573 -99.9999999999561 -99.9999999999576 -99.9999999999597 -99.9999999999619 -99.9999999999651 -99.9999999999687 -99.9999999999732 -99.9999999999753 -99.9999999999781 -99.9999999999818 -99.9999999999845 -99.9999999999883 -99.9999999999921 -99.9999999999953 -99.9999999999981 -99.9999999999996 -99.999999999999 -99.9999999999955 -99.9999999999887 -99.9999999999782 -99.999999999965 -99.9999999999488 -99.9999999999301 -99.9999999999124 -99.9999999998985 -99.9999999998893 -99.9999999998858 -99.9999999998905 -99.9999999999014 -99.9999999999151 -99.9999999999355 -99.9999999999567 -99.9999999999758 -99.9999999999896 -99.9999999999979 -99.9999999999998 -99.9999999999953 -99.9999999999854 -99.9999999999737 -99.9999999999611 -99.9999999999511 -99.9999999999453 -99.999999999943 -99.9999999999428 -99.9999999999526 -99.9999999999608 -99.99999999997 -99.9999999999766 -99.9999999999803 -99.9999999999823 -99.9999999999799 -99.9999999999776 -99.9999999999775 -99.9999999999787 -99.9999999999809 -99.9999999999865 -99.9999999999928 -99.9999999999975 -99.9999999999998 -99.9999999999985 -99.9999999999933 -99.999999999985 -99.9999999999742 -99.999999999966 -99.9999999999635 -99.9999999999643 -99.9999999999714 -99.9999999999789 -99.9999999999895 -99.9999999999951 -99.999999999997 -99.999999999993 -99.9999999999825 -99.9999999999677 -99.9999999999549 -99.9999999999455 -99.9999999999447 -99.999999999952 -99.9999999999653 -99.9999999999815 -99.999999999992 -99.9999999999931 -99.9999999999792 -99.9999999999493 -99.9999999999076 -99.99999999986 -99.9999999998153 -99.9999999997864 -99.9999999997789 -99.9999999997954 -99.999999999834 -99.9999999998858 -99.9999999999374 -99.9999999999774 -99.9999999999941 -99.9999999999818 -99.9999999999414 -99.9999999998789 -99.9999999998077 -99.9999999997417 -99.9999999996917 -99.9999999996691 -99.9999999996757 -99.9999999997056 -99.9999999997521 -99.9999999998039 -99.9999999998506 -99.999999999886 -99.9999999999073 -99.9999999999169 -99.99999999992 -99.9999999999228 -99.9999999999302 -99.9999999999438 -99.9999999999621 -99.9999999999808 -99.9999999999948 -100]
