# 3D Scattering Centers Reconstruction
# Model: aim-7
# Reference point: [0.0532, 0.0000, 0.0000] m
# Center angles (deg): 30   60   90  120  150
# Aperture: 10.0 deg
# Total centers: 150
#
# Columns: x(m)  y(m)  z(m)  amplitude  source_theta(deg)
  -0.318341  0.000000  0.919022  1.066225e-03  30.0
  -0.244453  0.000000  0.890739  1.264107e-03  30.0
  -0.170564  0.000000  0.862457  1.113161e-03  30.0
  -0.330792  0.000000  0.897456  1.020726e-03  30.0
  -0.256904  0.000000  0.869173  1.077440e-03  30.0
  1.102584  0.000000  0.098650  1.018916e-03  30.0
  1.028695  0.000000  0.126932  1.099231e-03  30.0
  -0.183015  0.000000  0.840891  9.498384e-04  30.0
  -0.176789  0.000000  0.851674  1.004599e-03  30.0
  -0.250678  0.000000  0.879956  1.093361e-03  30.0
  -0.324567  0.000000  0.908239  1.183459e-03  30.0
  -0.102901  0.000000  0.823392  1.115896e-03  30.0
  -0.109126  0.000000  0.812609  9.925986e-04  30.0
  -0.176789  0.000000  0.851674  9.117752e-04  30.0
  -0.250678  0.000000  0.879956  9.923527e-04  30.0
  -0.337018  0.000000  0.886672  9.140519e-04  30.0
  1.115035  0.000000  0.120216  8.901686e-04  30.0
  -0.096675  0.000000  0.834175  8.756972e-04  30.0
  -0.102901  0.000000  0.823392  9.176863e-04  30.0
  -0.029012  0.000000  0.795109  9.514415e-04  30.0
  -0.176789  0.000000  0.851674  8.612034e-04  30.0
  -0.263129  0.000000  0.858390  9.220890e-04  30.0
  -0.170564  0.000000  0.862457  8.451228e-04  30.0
  -0.244453  0.000000  0.890739  9.280550e-04  30.0
  -0.318341  0.000000  0.919022  9.091542e-04  30.0
  -0.035238  0.000000  0.784326  8.906736e-04  30.0
  1.041146  0.000000  0.148499  8.496208e-04  30.0
  1.108809  0.000000  0.109433  8.701343e-04  30.0
  -0.250678  0.000000  0.879956  8.225917e-04  30.0
  -0.176789  0.000000  0.851674  7.977566e-04  30.0
  1.271533  0.000000  -0.018356  2.010468e-03  60.0
  1.221685  0.000000  0.043082  2.436446e-03  60.0
  1.321381  0.000000  -0.079793  2.068371e-03  60.0
  1.271533  0.000000  -0.018356  1.991849e-03  60.0
  1.282316  0.000000  -0.012130  1.933626e-03  60.0
  1.232468  0.000000  0.049308  2.329675e-03  60.0
  1.182619  0.000000  0.110745  2.211250e-03  60.0
  1.332164  0.000000  -0.073567  2.093672e-03  60.0
  1.282316  0.000000  -0.012130  1.867210e-03  60.0
  1.232468  0.000000  0.049308  1.989277e-03  60.0
  1.171836  0.000000  0.104519  1.566301e-03  60.0
  1.221685  0.000000  0.043082  1.838951e-03  60.0
  1.271533  0.000000  -0.018356  1.857668e-03  60.0
  1.321381  0.000000  -0.079793  2.015783e-03  60.0
  1.371230  0.000000  -0.141231  1.898221e-03  60.0
  1.332164  0.000000  -0.073567  1.470091e-03  60.0
  1.282316  0.000000  -0.012130  1.827670e-03  60.0
  1.382013  0.000000  -0.135005  1.624756e-03  60.0
  1.243251  0.000000  0.055533  1.572845e-03  60.0
  1.321381  0.000000  -0.079793  1.575401e-03  60.0
  1.193402  0.000000  0.116971  1.610266e-03  60.0
  1.143554  0.000000  0.178408  1.568016e-03  60.0
  1.271533  0.000000  -0.018356  1.526034e-03  60.0
  1.260750  0.000000  -0.024581  1.513107e-03  60.0
  1.310598  0.000000  -0.086019  1.782409e-03  60.0
  1.360447  0.000000  -0.147456  1.698257e-03  60.0
  1.210902  0.000000  0.036856  1.620531e-03  60.0
  1.321381  0.000000  -0.079793  1.497194e-03  60.0
  1.371230  0.000000  -0.141231  1.793552e-03  60.0
  1.132771  0.000000  0.172183  1.465179e-03  60.0
  -0.706285  0.000000  -0.000000  2.480213e-02  90.0
  -0.718737  0.000000  0.078131  2.712344e-02  90.0
  -0.706285  0.000000  -0.156261  2.628346e-02  90.0
  2.319349  0.000000  0.000000  2.476982e-02  90.0
  2.306898  0.000000  0.078131  2.793346e-02  90.0
  2.319349  0.000000  -0.156261  2.648086e-02  90.0
  0.713148  0.000000  0.000000  2.467049e-02  90.0
  0.700697  0.000000  0.078131  2.678572e-02  90.0
  0.713148  0.000000  -0.156261  2.616530e-02  90.0
  0.725599  0.000000  -0.234392  2.522365e-02  90.0
  2.331800  0.000000  -0.234392  2.457409e-02  90.0
  -0.693834  0.000000  -0.234392  2.456728e-02  90.0
  2.082777  0.000000  0.000000  2.446695e-02  90.0
  2.095228  0.000000  -0.078131  2.901401e-02  90.0
  2.082777  0.000000  0.156261  2.574207e-02  90.0
  2.095228  0.000000  0.078131  2.500913e-02  90.0
  2.095228  0.000000  -0.234392  2.558724e-02  90.0
  -1.030016  0.000000  -0.000000  2.435128e-02  90.0
  -1.042467  0.000000  0.078131  2.848565e-02  90.0
  -1.030016  0.000000  -0.156261  2.635211e-02  90.0
  -1.266588  0.000000  -0.000000  2.463477e-02  90.0
  -1.254137  0.000000  -0.078131  2.870881e-02  90.0
  -1.266588  0.000000  0.156261  2.602679e-02  90.0
  -1.254137  0.000000  0.078131  2.461671e-02  90.0
  -1.254137  0.000000  -0.234392  2.482966e-02  90.0
  -1.042467  0.000000  -0.078131  2.443598e-02  90.0
  -1.042467  0.000000  0.234392  2.456625e-02  90.0
  0.937269  0.000000  0.000000  2.430919e-02  90.0
  0.949720  0.000000  -0.078131  2.848420e-02  90.0
  0.937269  0.000000  0.156261  2.622530e-02  90.0
  1.271533  0.000000  0.018356  2.009283e-03  120.0
  1.243251  0.000000  -0.055533  2.364572e-03  120.0
  1.299815  0.000000  0.092244  2.319955e-03  120.0
  1.271533  0.000000  0.018356  2.035707e-03  120.0
  1.260750  0.000000  0.024581  2.035032e-03  120.0
  1.289032  0.000000  0.098470  2.406519e-03  120.0
  1.232468  0.000000  -0.049308  2.340616e-03  120.0
  1.204185  0.000000  -0.123196  2.163300e-03  120.0
  1.260750  0.000000  0.024581  2.006014e-03  120.0
  1.232468  0.000000  -0.049308  2.020671e-03  120.0
  1.328098  0.000000  0.166133  1.792859e-03  120.0
  1.299815  0.000000  0.092244  2.129419e-03  120.0
  1.271533  0.000000  0.018356  1.893400e-03  120.0
  1.243251  0.000000  -0.055533  1.818752e-03  120.0
  1.214969  0.000000  -0.129422  2.067480e-03  120.0
  1.338881  0.000000  0.159907  1.647511e-03  120.0
  1.310598  0.000000  0.086019  1.678655e-03  120.0
  1.317315  0.000000  0.172358  1.703094e-03  120.0
  1.289032  0.000000  0.098470  1.630178e-03  120.0
  1.299815  0.000000  0.092244  1.794938e-03  120.0
  1.328098  0.000000  0.166133  1.969803e-03  120.0
  1.271533  0.000000  0.018356  1.824049e-03  120.0
  1.282316  0.000000  0.012130  1.796442e-03  120.0
  1.260750  0.000000  0.024581  1.684463e-03  120.0
  1.289032  0.000000  0.098470  1.734549e-03  120.0
  1.299815  0.000000  0.092244  1.624239e-03  120.0
  1.271533  0.000000  0.018356  1.636109e-03  120.0
  1.243251  0.000000  -0.055533  1.846317e-03  120.0
  1.254034  0.000000  -0.061759  1.541671e-03  120.0
  1.317315  0.000000  0.172358  1.516684e-03  120.0
  -0.318341  0.000000  -0.919022  1.066055e-03  150.0
  -0.256904  0.000000  -0.869173  1.290788e-03  150.0
  -0.379779  0.000000  -0.968870  1.218546e-03  150.0
  -0.195466  0.000000  -0.819325  1.206158e-03  150.0
  -0.318341  0.000000  -0.919022  1.054661e-03  150.0
  -0.256904  0.000000  -0.869173  1.109180e-03  150.0
  -0.189241  0.000000  -0.830108  1.003464e-03  150.0
  -0.127803  0.000000  -0.780260  1.144063e-03  150.0
  -0.250678  0.000000  -0.879956  1.131231e-03  150.0
  -0.312116  0.000000  -0.929805  1.118966e-03  150.0
  -0.373553  0.000000  -0.979653  1.051431e-03  150.0
  -0.189241  0.000000  -0.830108  1.011841e-03  150.0
  -0.250678  0.000000  -0.879956  1.010111e-03  150.0
  -0.312116  0.000000  -0.929805  9.800970e-04  150.0
  -0.134029  0.000000  -0.769477  9.084052e-04  150.0
  -0.195466  0.000000  -0.819325  1.047804e-03  150.0
  -0.256904  0.000000  -0.869173  9.385050e-04  150.0
  -0.318341  0.000000  -0.919022  9.080581e-04  150.0
  1.034921  0.000000  -0.137715  8.764795e-04  150.0
  -0.379779  0.000000  -0.968870  8.853125e-04  150.0
  0.973483  0.000000  -0.187564  8.772907e-04  150.0
  -0.127803  0.000000  -0.780260  8.366515e-04  150.0
  -0.066366  0.000000  -0.730411  1.038933e-03  150.0
  -0.189241  0.000000  -0.830108  9.689348e-04  150.0
  -0.250678  0.000000  -0.879956  9.412201e-04  150.0
  -0.127803  0.000000  -0.780260  8.469761e-04  150.0
  -0.195466  0.000000  -0.819325  8.701114e-04  150.0
  -0.134029  0.000000  -0.769477  9.909757e-04  150.0
  -0.072591  0.000000  -0.719628  9.548132e-04  150.0
  -0.256904  0.000000  -0.869173  8.630339e-04  150.0
