# 3D Scattering Centers Reconstruction
# Model: compond
# Reference point: [0.0000, 0.0000, 0.0000] m
# Center angles (deg): 30   60   90  120  150
# Aperture: 10.0 deg
# Total centers: 150
#
# Columns: x(m)  y(m)  z(m)  amplitude  source_theta(deg)
  0.065353  0.000000  0.972631  1.515770e-04  30.0
  -0.015326  0.000000  1.004778  1.668076e-04  30.0
  0.146032  0.000000  0.940485  1.571867e-04  30.0
  -0.009076  0.000000  1.015603  1.467129e-04  30.0
  -0.089756  0.000000  1.047750  1.631046e-04  30.0
  0.071603  0.000000  0.983457  1.516842e-04  30.0
  -0.009076  0.000000  1.015603  1.321599e-04  30.0
  -0.096006  0.000000  1.036924  1.286613e-04  30.0
  -0.015326  0.000000  1.004778  1.316213e-04  30.0
  0.065353  0.000000  0.972631  1.532127e-04  30.0
  0.152282  0.000000  0.951310  1.190462e-04  30.0
  0.071603  0.000000  0.983457  1.169437e-04  30.0
  -0.009076  0.000000  1.015603  1.116827e-04  30.0
  -0.089756  0.000000  1.047750  1.330611e-04  30.0
  -0.170435  0.000000  1.079896  1.340406e-04  30.0
  -0.096006  0.000000  1.036924  1.062077e-04  30.0
  -0.015326  0.000000  1.004778  1.178718e-04  30.0
  -0.176685  0.000000  1.069071  1.103147e-04  30.0
  0.065353  0.000000  0.972631  1.074622e-04  30.0
  0.146032  0.000000  0.940485  1.140302e-04  30.0
  -0.089756  0.000000  1.047750  9.792705e-05  30.0
  -0.009076  0.000000  1.015603  1.086886e-04  30.0
  0.071603  0.000000  0.983457  1.126061e-04  30.0
  -0.096006  0.000000  1.036924  1.052500e-04  30.0
  -0.015326  0.000000  1.004778  1.039175e-04  30.0
  0.207962  0.000000  0.875862  1.095293e-04  30.0
  0.065353  0.000000  0.972631  1.023944e-04  30.0
  0.121032  0.000000  0.897184  1.013066e-04  30.0
  0.152282  0.000000  0.951310  9.458567e-05  30.0
  -0.170435  0.000000  1.079896  9.441469e-05  30.0
  0.507802  0.000000  -0.004538  3.764985e-04  60.0
  0.464830  0.000000  0.069891  3.989432e-04  60.0
  0.518627  0.000000  0.001712  4.107205e-04  60.0
  0.561599  0.000000  -0.072718  3.903248e-04  60.0
  0.475655  0.000000  0.076141  3.304480e-04  60.0
  0.421858  0.000000  0.144321  3.292960e-04  60.0
  0.518627  0.000000  0.001712  3.224074e-04  60.0
  0.464830  0.000000  0.069891  3.485929e-04  60.0
  0.507802  0.000000  -0.004538  3.002444e-04  60.0
  0.561599  0.000000  -0.072718  3.051561e-04  60.0
  0.572424  0.000000  -0.066468  3.010476e-04  60.0
  0.518627  0.000000  0.001712  3.035826e-04  60.0
  0.475655  0.000000  0.076141  3.063553e-04  60.0
  0.421858  0.000000  0.144321  2.965477e-04  60.0
  0.464830  0.000000  0.069891  2.846283e-04  60.0
  0.518627  0.000000  0.001712  2.854987e-04  60.0
  0.411033  0.000000  0.138071  2.672071e-04  60.0
  0.561599  0.000000  -0.072718  2.664872e-04  60.0
  0.604571  0.000000  -0.147147  2.979792e-04  60.0
  0.507802  0.000000  -0.004538  2.769720e-04  60.0
  0.454004  0.000000  0.063641  3.148881e-04  60.0
  0.550773  0.000000  -0.078968  3.012263e-04  60.0
  0.507802  0.000000  -0.004538  2.716187e-04  60.0
  0.561599  0.000000  -0.072718  2.904219e-04  60.0
  0.615396  0.000000  -0.140897  2.950862e-04  60.0
  0.464830  0.000000  0.069891  2.757133e-04  60.0
  0.378886  0.000000  0.218750  2.732656e-04  60.0
  0.507802  0.000000  -0.004538  2.718199e-04  60.0
  0.432683  0.000000  0.150571  2.595716e-04  60.0
  0.550773  0.000000  -0.078968  2.636658e-04  60.0
  0.500000  0.000000  -0.343775  2.892367e-03  90.0
  0.512500  0.000000  -0.429718  3.125515e-03  90.0
  0.500000  0.000000  -0.257831  2.889276e-03  90.0
  0.512500  0.000000  -0.343775  2.846590e-03  90.0
  0.512500  0.000000  -0.515662  2.691607e-03  90.0
  0.487500  0.000000  -0.171887  2.542920e-03  90.0
  0.500000  0.000000  -0.429718  2.656424e-03  90.0
  0.500000  0.000000  -0.257831  2.588030e-03  90.0
  0.512500  0.000000  -0.687549  2.489332e-03  90.0
  0.500000  0.000000  -0.601606  2.329419e-03  90.0
  0.525000  0.000000  -0.773493  2.211709e-03  90.0
  0.512500  0.000000  -0.601606  2.190426e-03  90.0
  0.500000  0.000000  -0.515662  2.391083e-03  90.0
  0.500000  0.000000  -0.171887  2.231102e-03  90.0
  0.487500  0.000000  -0.085944  2.398120e-03  90.0
  0.500000  0.000000  -0.343775  2.156642e-03  90.0
  0.487500  0.000000  -0.257831  2.191003e-03  90.0
  0.512500  0.000000  -0.773493  2.048993e-03  90.0
  0.525000  0.000000  -0.859437  2.202208e-03  90.0
  0.500000  0.000000  -0.687549  2.061264e-03  90.0
  0.512500  0.000000  -0.687549  1.859126e-03  90.0
  0.512500  0.000000  -0.773493  1.797168e-03  90.0
  0.512500  0.000000  -0.515662  1.801407e-03  90.0
  0.500000  0.000000  -0.429718  1.785433e-03  90.0
  0.487500  0.000000  -0.343775  2.020148e-03  90.0
  0.487500  0.000000  -0.171887  1.700402e-03  90.0
  0.475000  0.000000  -0.085944  1.656884e-03  90.0
  0.525000  0.000000  -0.945380  1.644493e-03  90.0
  0.512500  0.000000  -0.859437  1.873568e-03  90.0
  0.512500  0.000000  -0.601606  1.575034e-03  90.0
  0.072812  -0.000000  0.851115  1.256901e-04  120.0
  0.104959  -0.000000  0.931794  1.395901e-04  120.0
  0.040666  -0.000000  0.770435  1.384636e-04  120.0
  0.072812  -0.000000  0.851115  1.147488e-04  120.0
  0.115784  -0.000000  0.925544  1.109942e-04  120.0
  0.083638  -0.000000  0.844865  1.234358e-04  120.0
  0.051491  -0.000000  0.764185  1.072198e-04  120.0
  0.094134  -0.000000  0.938044  1.059451e-04  120.0
  0.061987  -0.000000  0.857365  1.087783e-04  120.0
  -0.786624  0.000000  -0.637473  1.004694e-04  120.0
  -0.775799  0.000000  -0.643723  1.091205e-04  120.0
  -0.797450  0.000000  -0.631223  1.021256e-04  120.0
  0.029840  -0.000000  0.776685  9.840829e-05  120.0
  -0.764974  0.000000  -0.649973  9.697690e-05  120.0
  -0.002306  -0.000000  0.696006  9.562956e-05  120.0
  -0.754478  0.000000  -0.556794  9.011653e-05  120.0
  -0.786624  0.000000  -0.637473  9.729684e-05  120.0
  -0.743653  0.000000  -0.563044  8.900274e-05  120.0
  -0.775799  0.000000  -0.643723  9.353866e-05  120.0
  -0.765303  0.000000  -0.550544  8.975463e-05  120.0
  0.104959  -0.000000  0.931794  8.494942e-05  120.0
  0.072812  -0.000000  0.851115  9.361819e-05  120.0
  -0.754148  0.000000  -0.656223  8.470078e-05  120.0
  -0.023957  -0.000000  0.708506  8.156508e-05  120.0
  -0.808275  0.000000  -0.624973  8.055033e-05  120.0
  0.008190  -0.000000  0.789185  7.835837e-05  120.0
  -0.776129  0.000000  -0.544294  7.662922e-05  120.0
  0.051162  -0.000000  0.863615  7.517890e-05  120.0
  0.094134  -0.000000  0.938044  9.181364e-05  120.0
  0.083308  -0.000000  0.944294  7.998909e-05  120.0
  0.028397  -0.000000  0.810252  1.666540e-04  150.0
  0.096576  -0.000000  0.864049  1.793661e-04  150.0
  -0.039782  -0.000000  0.756454  1.554350e-04  150.0
  0.102826  -0.000000  0.853223  1.433960e-04  150.0
  0.171006  -0.000000  0.907021  1.492723e-04  150.0
  0.034647  -0.000000  0.799426  1.469292e-04  150.0
  0.488071  0.000000  -1.017250  1.368613e-04  150.0
  0.556250  0.000000  -0.963453  1.536478e-04  150.0
  0.102826  -0.000000  0.853223  1.270034e-04  150.0
  0.028397  -0.000000  0.810252  1.278839e-04  150.0
  0.096576  -0.000000  0.864049  1.229056e-04  150.0
  0.164756  -0.000000  0.917846  1.346807e-04  150.0
  0.481821  0.000000  -1.006425  1.188136e-04  150.0
  0.413641  0.000000  -1.060222  1.402218e-04  150.0
  -0.033532  -0.000000  0.745629  1.042219e-04  150.0
  0.630679  0.000000  -0.920481  1.034217e-04  150.0
  0.562500  0.000000  -0.974279  1.076153e-04  150.0
  0.488071  0.000000  -1.017250  1.053074e-04  150.0
  0.419891  0.000000  -1.071048  1.100687e-04  150.0
  0.556250  0.000000  -0.963453  1.061838e-04  150.0
  0.022147  -0.000000  0.821077  1.033191e-04  150.0
  -0.046032  -0.000000  0.767280  1.094045e-04  150.0
  0.090326  -0.000000  0.874874  1.084283e-04  150.0
  -0.114212  -0.000000  0.713483  1.006325e-04  150.0
  0.096576  -0.000000  0.864049  9.815497e-05  150.0
  0.022147  -0.000000  0.821077  1.118913e-04  150.0
  -0.046032  -0.000000  0.767280  9.372908e-05  150.0
  0.028397  -0.000000  0.810252  9.808267e-05  150.0
  0.096576  -0.000000  0.864049  9.431323e-05  150.0
  0.164756  -0.000000  0.917846  1.150906e-04  150.0
