# 3D Scattering Centers Reconstruction
# Model: cone_bin
# Reference point: [0.0000, 0.0000, 0.3750] m
# Center angles (deg): 15   30   45   60   75   90  105  120  135  150  165
# Aperture: 10.0 deg
# Total centers: 220
#
# Columns: x(m)  y(m)  z(m)  amplitude  source_theta(deg)
  0.388358  0.000000  0.013132  5.678328e-05  15.0
  0.309667  0.000000  0.021326  6.244089e-05  15.0
  0.467049  0.000000  0.004937  5.942441e-05  15.0
  0.388358  0.000000  0.013132  5.346673e-05  15.0
  0.463827  0.000000  -0.007090  4.841869e-05  15.0
  0.542518  0.000000  -0.015285  5.409724e-05  15.0
  0.312890  0.000000  0.033353  5.307477e-05  15.0
  0.234199  0.000000  0.041548  5.312981e-05  15.0
  0.391581  0.000000  0.025159  4.700817e-05  15.0
  0.312890  0.000000  0.033353  4.702593e-05  15.0
  0.467049  0.000000  0.004937  4.299250e-05  15.0
  0.545740  0.000000  -0.003258  4.834617e-05  15.0
  0.388358  0.000000  0.013132  4.469904e-05  15.0
  0.467049  0.000000  0.004937  4.173277e-05  15.0
  0.237421  0.000000  0.053575  4.088922e-05  15.0
  0.391581  0.000000  0.025159  4.062179e-05  15.0
  0.470272  0.000000  0.016964  4.657291e-05  15.0
  0.312890  0.000000  0.033353  3.914245e-05  15.0
  0.158731  0.000000  0.061770  3.910549e-05  15.0
  0.621209  0.000000  -0.023480  3.842847e-05  15.0
  0.349948  0.000000  0.043561  6.597982e-05  30.0
  0.423837  0.000000  0.015279  7.952409e-05  30.0
  0.497726  0.000000  -0.013004  6.332146e-05  30.0
  0.276060  0.000000  0.071843  6.375612e-05  30.0
  0.349948  0.000000  0.043561  6.105170e-05  30.0
  0.423837  0.000000  0.015279  6.417184e-05  30.0
  0.491500  0.000000  -0.023787  5.908013e-05  30.0
  0.417611  0.000000  0.004496  6.613683e-05  30.0
  0.565389  0.000000  -0.052069  5.691431e-05  30.0
  0.343723  0.000000  0.032778  5.778335e-05  30.0
  0.491500  0.000000  -0.023787  5.492825e-05  30.0
  0.417611  0.000000  0.004496  5.591564e-05  30.0
  0.288511  0.000000  0.093409  5.390133e-05  30.0
  0.214622  0.000000  0.121692  5.339679e-05  30.0
  0.497726  0.000000  -0.013004  4.669549e-05  30.0
  0.423837  0.000000  0.015279  5.731453e-05  30.0
  0.356174  0.000000  0.054344  5.124751e-05  30.0
  0.282285  0.000000  0.082626  5.108387e-05  30.0
  0.491500  0.000000  -0.023787  5.322694e-05  30.0
  0.565389  0.000000  -0.052069  5.559695e-05  30.0
  0.366697  0.000000  0.078737  1.179005e-04  45.0
  0.421944  0.000000  0.023490  1.290347e-04  45.0
  0.357893  0.000000  0.069933  1.398973e-04  45.0
  0.302646  0.000000  0.125180  1.208025e-04  45.0
  0.485995  0.000000  -0.022952  1.136290e-04  45.0
  0.421944  0.000000  0.023490  1.165715e-04  45.0
  0.413140  0.000000  0.014686  1.142303e-04  45.0
  0.477191  0.000000  -0.031756  1.333855e-04  45.0
  0.541242  0.000000  -0.078199  1.190259e-04  45.0
  0.366697  0.000000  0.078737  9.490657e-05  45.0
  0.430748  0.000000  0.032295  1.015567e-04  45.0
  0.485995  0.000000  -0.022952  1.010436e-04  45.0
  0.421944  0.000000  0.023490  1.064162e-04  45.0
  0.311451  0.000000  0.133984  1.040274e-04  45.0
  0.247400  0.000000  0.180426  1.133399e-04  45.0
  0.550046  0.000000  -0.069394  9.579025e-05  45.0
  0.485995  0.000000  -0.022952  9.514090e-05  45.0
  0.477191  0.000000  -0.031756  9.311128e-05  45.0
  0.366697  0.000000  0.078737  9.467446e-05  45.0
  0.302646  0.000000  0.125180  1.045003e-04  45.0
  0.278941  0.000000  0.265395  2.185473e-03  60.0
  0.328790  0.000000  0.203957  2.323325e-03  60.0
  0.200811  0.000000  0.400721  2.273555e-03  60.0
  0.150962  0.000000  0.462158  2.100281e-03  60.0
  0.239876  0.000000  0.333058  2.001077e-03  60.0
  0.289724  0.000000  0.271620  2.186939e-03  60.0
  0.367855  0.000000  0.136294  2.002541e-03  60.0
  0.318007  0.000000  0.197731  1.929237e-03  60.0
  0.190028  0.000000  0.394495  2.036592e-03  60.0
  0.239876  0.000000  0.333058  2.129281e-03  60.0
  0.111897  0.000000  0.529821  1.763196e-03  60.0
  0.161745  0.000000  0.468384  2.028376e-03  60.0
  0.406920  0.000000  0.068631  1.596379e-03  60.0
  0.357072  0.000000  0.130068  1.940340e-03  60.0
  0.278941  0.000000  0.265395  1.688613e-03  60.0
  0.229093  0.000000  0.326832  2.093528e-03  60.0
  0.367855  0.000000  0.136294  1.571371e-03  60.0
  0.417703  0.000000  0.074856  1.791936e-03  60.0
  0.318007  0.000000  0.197731  1.694212e-03  60.0
  0.268158  0.000000  0.259169  1.553401e-03  60.0
  0.413808  0.000000  0.081446  1.119025e-04  75.0
  0.381559  0.000000  0.153692  1.165739e-04  75.0
  0.446057  0.000000  0.009200  1.143425e-04  75.0
  0.434030  0.000000  0.005977  1.019723e-04  75.0
  0.401781  0.000000  0.078223  1.094355e-04  75.0
  0.466278  0.000000  -0.066268  1.070409e-04  75.0
  0.434030  0.000000  0.005977  9.603701e-05  75.0
  0.413808  0.000000  0.081446  8.847948e-05  75.0
  0.454251  0.000000  -0.069491  9.037106e-05  75.0
  0.486500  0.000000  -0.141737  8.719249e-05  75.0
  0.381559  0.000000  0.153692  8.579005e-05  75.0
  0.349311  0.000000  0.225937  7.628633e-05  75.0
  0.422003  0.000000  0.002755  7.666102e-05  75.0
  0.454251  0.000000  -0.069491  8.489102e-05  75.0
  0.466278  0.000000  -0.066268  7.696863e-05  75.0
  0.434030  0.000000  0.005977  8.452190e-05  75.0
  0.401781  0.000000  0.078223  8.328012e-05  75.0
  0.498527  0.000000  -0.138514  7.977318e-05  75.0
  0.466278  0.000000  -0.066268  7.255339e-05  75.0
  0.434030  0.000000  0.005977  7.393573e-05  75.0
  0.435791  0.000000  0.062478  5.698686e-05  90.0
  0.423340  0.000000  0.140608  5.745683e-05  90.0
  0.435791  0.000000  -0.015653  5.681511e-05  90.0
  0.423340  0.000000  0.062478  5.841223e-05  90.0
  0.448242  0.000000  -0.015653  5.024961e-05  90.0
  0.435791  0.000000  0.062478  4.808846e-05  90.0
  0.448242  0.000000  -0.093784  4.341070e-05  90.0
  0.435791  0.000000  -0.015653  5.071113e-05  90.0
  0.423340  0.000000  0.140608  4.114342e-05  90.0
  0.423340  0.000000  0.062478  4.157345e-05  90.0
  0.410889  0.000000  0.140608  4.499930e-05  90.0
  0.435791  0.000000  -0.093784  3.588774e-05  90.0
  0.423340  0.000000  -0.015653  3.720283e-05  90.0
  0.448242  0.000000  -0.171914  3.625845e-05  90.0
  0.435791  0.000000  -0.015653  3.498199e-05  90.0
  0.448242  0.000000  -0.093784  4.240510e-05  90.0
  0.423340  0.000000  0.062478  3.737946e-05  90.0
  0.460693  0.000000  -0.171914  3.556195e-05  90.0
  0.423340  0.000000  0.218739  3.454057e-05  90.0
  0.435791  0.000000  -0.015653  3.701953e-05  90.0
  0.432438  0.000000  0.016468  4.717322e-05  105.0
  0.424243  0.000000  -0.062223  4.834501e-05  105.0
  0.452660  0.000000  0.091937  4.288754e-05  105.0
  0.444465  0.000000  0.013246  5.151527e-05  105.0
  0.436270  0.000000  -0.065445  3.852214e-05  105.0
  0.440633  0.000000  0.095159  3.411078e-05  105.0
  0.432438  0.000000  0.016468  3.883957e-05  105.0
  0.424243  0.000000  -0.062223  3.698972e-05  105.0
  0.416049  0.000000  -0.140914  3.446109e-05  105.0
  0.444465  0.000000  0.013246  3.073995e-05  105.0
  0.452660  0.000000  0.091937  3.678753e-05  105.0
  0.460855  0.000000  0.170628  3.484243e-05  105.0
  0.404022  0.000000  -0.137691  2.940796e-05  105.0
  0.412216  0.000000  -0.059000  2.931292e-05  105.0
  0.424243  0.000000  -0.062223  3.035467e-05  105.0
  0.432438  0.000000  0.016468  3.603040e-05  105.0
  0.440633  0.000000  0.095159  2.943441e-05  105.0
  0.416049  0.000000  -0.140914  2.459701e-05  105.0
  0.424243  0.000000  -0.062223  2.646778e-05  105.0
  0.432438  0.000000  0.016468  2.869986e-05  105.0
  0.446171  0.000000  0.027186  4.949480e-05  120.0
  0.417889  0.000000  -0.046703  5.111707e-05  120.0
  0.474453  0.000000  0.101074  4.158992e-05  120.0
  0.446171  0.000000  0.027186  4.328216e-05  120.0
  0.407106  0.000000  -0.040478  4.162761e-05  120.0
  0.435388  0.000000  0.033411  4.180269e-05  120.0
  0.378824  0.000000  -0.114366  3.933343e-05  120.0
  0.407106  0.000000  -0.040478  3.768014e-05  120.0
  0.485236  0.000000  0.094849  3.317005e-05  120.0
  0.513519  0.000000  0.168737  3.544682e-05  120.0
  0.446171  0.000000  0.027186  3.184703e-05  120.0
  0.417889  0.000000  -0.046703  3.660284e-05  120.0
  0.389607  0.000000  -0.120592  3.130153e-05  120.0
  0.474453  0.000000  0.101074  3.149480e-05  120.0
  0.446171  0.000000  0.027186  3.047926e-05  120.0
  0.417889  0.000000  -0.046703  3.092686e-05  120.0
  0.456954  0.000000  0.020960  3.138918e-05  120.0
  0.485236  0.000000  0.094849  3.599936e-05  120.0
  0.378824  0.000000  -0.114366  3.311118e-05  120.0
  0.407106  0.000000  -0.040478  2.684485e-05  120.0
  0.404998  0.000000  -0.029998  5.939013e-05  135.0
  0.451441  0.000000  0.034053  6.672207e-05  135.0
  0.460245  0.000000  0.025249  5.161530e-05  135.0
  0.413802  0.000000  -0.038802  5.757455e-05  135.0
  0.506687  0.000000  0.089300  5.478594e-05  135.0
  0.460245  0.000000  0.025249  4.999186e-05  135.0
  0.404998  0.000000  -0.029998  4.670908e-05  135.0
  0.358556  0.000000  -0.094049  5.157371e-05  135.0
  0.451441  0.000000  0.034053  4.380092e-05  135.0
  0.404998  0.000000  -0.029998  4.281188e-05  135.0
  0.497883  0.000000  0.098104  4.229565e-05  135.0
  0.451441  0.000000  0.034053  3.969152e-05  135.0
  0.506687  0.000000  0.089300  3.858447e-05  135.0
  0.460245  0.000000  0.025249  4.366192e-05  135.0
  0.413802  0.000000  -0.038802  4.101514e-05  135.0
  0.367360  0.000000  -0.102853  3.507164e-05  135.0
  0.553130  0.000000  0.153350  3.404269e-05  135.0
  0.506687  0.000000  0.089300  3.629837e-05  135.0
  0.460245  0.000000  0.025249  3.680657e-05  135.0
  0.404998  0.000000  -0.029998  3.918423e-05  135.0
  0.403026  0.000000  -0.010540  9.398876e-05  150.0
  0.341589  0.000000  -0.060388  9.595822e-05  150.0
  0.470689  0.000000  0.028526  9.236775e-05  150.0
  0.409252  0.000000  -0.021323  1.012091e-04  150.0
  0.464464  0.000000  0.039309  7.482759e-05  150.0
  0.403026  0.000000  -0.010540  8.199169e-05  150.0
  0.341589  0.000000  -0.060388  7.355781e-05  150.0
  -0.349948  0.000000  0.043561  6.755615e-05  150.0
  -0.411386  0.000000  -0.006287  7.629287e-05  150.0
  -0.288511  0.000000  0.093409  6.918169e-05  150.0
  0.470689  0.000000  0.028526  6.592986e-05  150.0
  0.532127  0.000000  0.078374  8.091342e-05  150.0
  0.409252  0.000000  -0.021323  7.023477e-05  150.0
  0.347814  0.000000  -0.071171  7.995649e-05  150.0
  0.470689  0.000000  0.028526  6.633678e-05  150.0
  0.403026  0.000000  -0.010540  6.715794e-05  150.0
  0.464464  0.000000  0.039309  6.677679e-05  150.0
  -0.349948  0.000000  0.043561  6.347695e-05  150.0
  -0.417611  0.000000  0.004496  6.323227e-05  150.0
  -0.479049  0.000000  -0.045353  7.613158e-05  150.0
  0.424332  0.000000  -0.001136  2.623205e-04  165.0
  0.352087  0.000000  -0.033384  2.709849e-04  165.0
  0.496578  0.000000  0.031113  2.632619e-04  165.0
  0.424332  0.000000  -0.001136  2.435330e-04  165.0
  0.348864  0.000000  -0.021357  2.410354e-04  165.0
  0.421110  0.000000  0.010891  2.758664e-04  165.0
  0.493355  0.000000  0.043140  2.216397e-04  165.0
  0.276618  0.000000  -0.053606  2.207355e-04  165.0
  0.348864  0.000000  -0.021357  2.243042e-04  165.0
  0.421110  0.000000  0.010891  2.240151e-04  165.0
  0.496578  0.000000  0.031113  2.204228e-04  165.0
  -0.388358  0.000000  0.013132  2.139527e-04  165.0
  -0.460604  0.000000  -0.019117  2.439643e-04  165.0
  -0.316112  0.000000  0.045380  2.127621e-04  165.0
  0.568824  0.000000  0.063361  2.106789e-04  165.0
  0.424332  0.000000  -0.001136  2.092061e-04  165.0
  -0.385136  0.000000  0.001105  2.087287e-04  165.0
  -0.312890  0.000000  0.033353  2.193989e-04  165.0
  -0.457381  0.000000  -0.031144  2.129371e-04  165.0
  0.496578  0.000000  0.031113  1.953308e-04  165.0
