RCS SIMULATOR RESULTS 20260617001109

Simulation Parameters:
    Mode: Monostatic
    Radar Frequency (GHz): 30.0000
    Wavelength (m): 0.010000
    Correlation distance (m): 0.000000
    Standard Deviation (m): 0.000000
    Incident wave polarization: TM-z
    Number of triangles: 12
    Start phi angle (degrees): 0
    Stop phi angle (degrees): 0
    Phi increment step (degrees): 0
    Start theta angle (degrees): 0
    Stop theta angle (degrees): 360
    Theta increment step (degrees): 2

Simulation Results IR Signature:
Theta (deg):
[0 2 4 6 8 10 12 14 16 18 20 22 24 26 28 30 32 34 36 38 40 42 44 46 48 50 52 54 56 58 60 62 64 66 68 70 72 74 76 78 80 82 84 86 88 90 92 94 96 98 100 102 104 106 108 110 112 114 116 118 120 122 124 126 128 130 132 134 136 138 140 142 144 146 148 150 152 154 156 158 160 162 164 166 168 170 172 174 176 178 180 182 184 186 188 190 192 194 196 198 200 202 204 206 208 210 212 214 216 218 220 222 224 226 228 230 232 234 236 238 240 242 244 246 248 250 252 254 256 258 260 262 264 266 268 270 272 274 276 278 280 282 284 286 288 290 292 294 296 298 300 302 304 306 308 310 312 314 316 318 320 322 324 326 328 330 332 334 336 338 340 342 344 346 348 350 352 354 356 358 360]

RCS Theta (dBsm):
[130.992098640221 34.1782798205885 50.0676089585002 54.4065013622033 52.0576527913645 32.5489435423736 45.3056534630774 47.4356049666409 42.9258797345506 43.6819590086147 43.6628960773945 36.3986099200686 39.8557902850618 40.9825259910846 41.9190989689421 28.7962947285651 38.4418857275625 36.4042277312858 36.156988823164 34.631186183323 36.6673924861316 37.5347543558948 37.6199286522282 34.1947103513504 35.5588545024123 33.1748116590502 38.7710478709188 37.1676257283509 33.5940426786804 38.8741283376574 30.2544930308033 39.9118053360503 38.7595614056938 33.4247063012206 43.8703514086601 38.4526654861469 40.0356678274123 46.1804178589814 41.1086666303255 41.9484865403683 50.1398150523096 48.1085366809849 43.7194815800348 57.6878604163407 62.3721784891576 70.9920986402217 62.3721784891205 57.6878604163443 43.7194815799333 48.1085366809849 50.1398150523096 41.9484865403767 41.1086666303255 46.1804178589831 40.0356678274346 38.4526654861924 43.8703514086601 33.4247063012206 38.7595614057239 39.9118053360503 30.2544930308008 38.8741283376574 33.5940426786804 37.1676257283509 38.771047870945 33.1748116591234 35.5588545024123 34.1947103513994 37.6199286522282 37.5347543558617 36.6673924860701 34.6311861834909 36.156988823164 36.4042277312858 38.441885727548 28.7962947285651 41.9190989689141 40.982525991072 39.8557902849481 36.3986099203016 43.6628960774405 43.681959008666 42.9258797344838 47.4356049666393 45.3056534630597 32.5489435426715 52.0576527913565 54.4065013621715 50.0676089587849 34.1782798176585 130.992098640221 34.1782798217729 50.0676089584726 54.406501362199 52.0576527913706 32.5489435418374 45.3056534631836 47.4356049666167 42.9258797346507 43.6819590085794 43.6628960773945 36.3986099200402 39.8557902850743 40.9825259910975 41.9190989689421 28.7962947288146 38.4418857275208 36.4042277314429 36.1569888232919 34.631186183323 36.6673924861316 37.5347543558696 37.6199286522766 34.1947103513504 35.5588545024123 33.1748116591864 38.7710478709619 37.1676257282829 33.5940426786345 38.8741283376716 30.2544930308057 39.9118053360503 38.7595614057439 33.4247063012362 43.8703514086682 38.4526654861924 40.0356678274123 46.1804178589831 41.1086666303255 41.9484865403683 50.1398150523096 48.1085366809849 43.7194815799333 57.6878604163443 62.3721784891205 70.9920986402217 62.3721784891576 57.6878604163446 43.7194815800348 48.1085366809849 50.1398150523113 41.9484865403683 41.108666630257 46.1804178589756 40.0356678273847 38.4526654861469 43.8703514086601 33.4247063012518 38.7595614056938 39.9118053360503 30.2544930308033 38.8741283376574 33.5940426787492 37.1676257283856 38.7710478708732 33.1748116590502 35.5588545023608 34.1947103513994 37.6199286523975 37.5347543558815 36.6673924860086 34.631186183323 36.156988823068 36.4042277315257 38.4418857275753 28.7962947290747 41.9190989689421 40.982525991148 39.855790285123 36.3986099204015 43.6628960773825 43.6819590086917 42.9258797346507 47.4356049666552 45.3056534634045 32.5489435421352 52.0576527913961 54.4065013622093 50.0676089589227 34.178279823082 130.992098640221]

Phi (deg):
[0 0 0 0 0 0 0 0 0 0 0 0 0 0 0 0 0 0 0 0 0 0 0 0 0 0 0 0 0 0 0 0 0 0 0 0 0 0 0 0 0 0 0 0 0 0 0 0 0 0 0 0 0 0 0 0 0 0 0 0 0 0 0 0 0 0 0 0 0 0 0 0 0 0 0 0 0 0 0 0 0 0 0 0 0 0 0 0 0 0 0 0 0 0 0 0 0 0 0 0 0 0 0 0 0 0 0 0 0 0 0 0 0 0 0 0 0 0 0 0 0 0 0 0 0 0 0 0 0 0 0 0 0 0 0 0 0 0 0 0 0 0 0 0 0 0 0 0 0 0 0 0 0 0 0 0 0 0 0 0 0 0 0 0 0 0 0 0 0 0 0 0 0 0 0 0 0 0 0 0 0]

RCS Phi (dBsm):
[-100 -100 -100 -100 -100 -100 -100 -100 -100 -100 -100 -100 -100 -100 -100 -100 -100 -100 -100 -100 -100 -100 -100 -100 -100 -100 -100 -100 -100 -100 -100 -100 -100 -100 -100 -100 -100 -100 -100 -100 -100 -100 -100 -100 -100 -100 -100 -100 -100 -100 -100 -100 -100 -100 -100 -100 -100 -100 -100 -100 -100 -100 -100 -100 -100 -100 -100 -100 -100 -100 -100 -100 -100 -100 -100 -100 -100 -100 -100 -100 -100 -100 -100 -100 -100 -100 -100 -100 -100 -100 -100 -100 -100 -100 -100 -100 -100 -100 -100 -100 -100 -100 -100 -100 -100 -100 -100 -100 -100 -100 -100 -100 -100 -100 -100 -100 -100 -100 -100 -100 -100 -100 -100 -100 -100 -100 -100 -100 -100 -100 -100 -100 -100 -100 -100 -100 -100 -100 -100 -100 -100 -100 -100 -100 -100 -100 -100 -100 -100 -100 -100 -100 -100 -100 -100 -100 -100 -100 -100 -100 -100 -100 -100 -100 -100 -100 -100 -100 -100 -100 -100 -100 -100 -100 -100 -100 -100 -100 -100 -100 -100]
