RCS SIMULATOR RESULTS 20260617163234

Simulation Parameters:
    Mode: Monostatic
    Radar Frequency (GHz): 10.0000
    Wavelength (m): 0.030000
    Correlation distance (m): 0.000000
    Standard Deviation (m): 0.000000
    Incident wave polarization: TM-z
    Number of triangles: 94720
    Start phi angle (degrees): 0
    Stop phi angle (degrees): 0
    Phi increment step (degrees): 0
    Start theta angle (degrees): 0
    Stop theta angle (degrees): 360
    Theta increment step (degrees): 2

Simulation Results IR Signature:
Theta (deg):
[0 2 4 6 8 10 12 14 16 18 20 22 24 26 28 30 32 34 36 38 40 42 44 46 48 50 52 54 56 58 60 62 64 66 68 70 72 74 76 78 80 82 84 86 88 90 92 94 96 98 100 102 104 106 108 110 112 114 116 118 120 122 124 126 128 130 132 134 136 138 140 142 144 146 148 150 152 154 156 158 160 162 164 166 168 170 172 174 176 178 180 182 184 186 188 190 192 194 196 198 200 202 204 206 208 210 212 214 216 218 220 222 224 226 228 230 232 234 236 238 240 242 244 246 248 250 252 254 256 258 260 262 264 266 268 270 272 274 276 278 280 282 284 286 288 290 292 294 296 298 300 302 304 306 308 310 312 314 316 318 320 322 324 326 328 330 332 334 336 338 340 342 344 346 348 350 352 354 356 358 360]

RCS Theta (dBsm):
[-0.649117551798024 -1.23993960567298 -3.07483297217696 -6.47071363893197 -12.4340187364996 -27.2503415236359 -21.7034450236436 -17.9595070546798 -19.6493425356717 -26.8874806533244 -35.636282797806 -25.8140635724877 -25.1234012328771 -27.910619226496 -34.6731469372805 -40.2935274700961 -29.4265149034195 -27.0379510971044 -29.3780109790779 -38.1834086375533 -41.5327431454532 -38.5053939985083 -32.5432850228882 -29.2508832263965 -30.4002041496593 -35.8017111195141 -42.275141158069 -47.6178151026111 -32.9994597236072 -28.7998722923018 -29.5805873523453 -36.8719217870062 -37.6166712423874 -30.051134496063 -28.0380197432538 -29.4410407534894 -39.4892723138613 -31.8437534706413 -24.4987915889339 -22.9875040634316 -27.1643107513823 -32.2457290010357 -18.3669518300168 -13.1321088283534 -10.5913029972602 -9.81284758593079 -10.591311500876 -13.1321615823028 -18.3669953435371 -32.2459365705202 -27.1642221764518 -22.9874679383906 -24.4987648825765 -31.8436897062075 -39.4895424494426 -29.4411998594013 -28.0382104342573 -30.0513981524689 -37.6172486330588 -36.8721008172816 -29.5807371559057 -28.8000969124782 -32.9998892182535 -47.6201820742726 -42.2754369892346 -35.801871130596 -30.4001038240812 -29.2507244653311 -32.5432251138372 -38.5063207641404 -41.5339719920246 -38.1834086004229 -29.3779719715058 -27.037882040127 -29.426367981969 -40.2929901123424 -34.6732264574674 -27.9105899340843 -25.1233514469528 -25.8139951289125 -35.6360307253605 -26.887525489964 -19.6493410995889 -17.9594805868654 -21.7033729261763 -27.2505152274701 -12.4340472946133 -6.47072548184759 -3.0748436967941 -1.23995427965691 -0.649159149211328 -1.23995427965081 -3.07484369679509 -6.47072548184777 -12.4340472946123 -27.2505152274703 -21.7033729261766 -17.9594805868662 -19.649341099589 -26.887525489964 -35.636030725359 -25.8139951289133 -25.1233514469524 -27.910589934084 -34.6732264574675 -40.2929901123442 -29.4263679819691 -27.0378820401265 -29.3779719715056 -38.1834086004228 -41.5339719920244 -38.5063207641416 -32.5432251138308 -29.2507244653306 -30.4001038240816 -35.8018711305995 -42.2754369892339 -47.6201820742751 -32.9998892182608 -28.8000969124816 -29.5807371559043 -36.8721008172831 -37.6172486330594 -30.0513981524686 -28.0382104342572 -29.4411998593931 -39.4895424494427 -31.8436897062065 -24.4987648825765 -22.9874679383912 -27.1642221764515 -32.2459365705135 -18.366995343537 -13.1321615823039 -10.5913115008774 -9.81284758593184 -10.5913029972601 -13.132108828353 -18.3669518300149 -32.2457290010357 -27.1643107513843 -22.987504063431 -24.4987915889342 -31.8437534706418 -39.4892723138663 -29.441040753491 -28.0380197432538 -30.0511344960628 -37.6166712423911 -36.871921787007 -29.5805873523453 -28.7998722923017 -32.9994597236066 -47.6178151026104 -42.2751411580674 -35.801711119514 -30.4002041496593 -29.2508832263964 -32.5432850228885 -38.5053939985086 -41.532743145452 -38.1834086375528 -29.3780109790779 -27.0379510971043 -29.4265149034205 -40.2935274700923 -34.6731469372806 -27.9106192264958 -25.1234012328771 -25.8140635724872 -35.6362827978083 -26.8874806533245 -19.6493425356718 -17.9595070546808 -21.7034450236431 -27.250341523635 -12.4340187365 -6.47071363893156 -3.07483297217586 -1.23993960566633 -0.649117551798018]

Phi (deg):
[0 0 0 0 0 0 0 0 0 0 0 0 0 0 0 0 0 0 0 0 0 0 0 0 0 0 0 0 0 0 0 0 0 0 0 0 0 0 0 0 0 0 0 0 0 0 0 0 0 0 0 0 0 0 0 0 0 0 0 0 0 0 0 0 0 0 0 0 0 0 0 0 0 0 0 0 0 0 0 0 0 0 0 0 0 0 0 0 0 0 0 0 0 0 0 0 0 0 0 0 0 0 0 0 0 0 0 0 0 0 0 0 0 0 0 0 0 0 0 0 0 0 0 0 0 0 0 0 0 0 0 0 0 0 0 0 0 0 0 0 0 0 0 0 0 0 0 0 0 0 0 0 0 0 0 0 0 0 0 0 0 0 0 0 0 0 0 0 0 0 0 0 0 0 0 0 0 0 0 0 0]

RCS Phi (dBsm):
[-100 -100 -100 -100 -100 -100 -100 -100 -100 -100 -100 -100 -100 -100 -100 -100 -100 -100 -100 -100 -100 -100 -100 -100 -100 -100 -100 -100 -100 -100 -100 -100 -100 -100 -100 -100 -100 -100 -100 -100 -100 -100 -100 -100 -100 -100 -100 -100 -100 -100 -100 -100 -100 -100 -100 -100 -100 -100 -100 -100 -100 -100 -100 -100 -100 -100 -100 -100 -100 -100 -100 -100 -100 -100 -100 -100 -100 -100 -100 -100 -100 -100 -100 -100 -100 -100 -100 -100 -100 -100 -100 -100 -100 -100 -100 -100 -100 -100 -100 -100 -100 -100 -100 -100 -100 -100 -100 -100 -100 -100 -100 -100 -100 -100 -100 -100 -100 -100 -100 -100 -100 -100 -100 -100 -100 -100 -100 -100 -100 -100 -100 -100 -100 -100 -100 -100 -100 -100 -100 -100 -100 -100 -100 -100 -100 -100 -100 -100 -100 -100 -100 -100 -100 -100 -100 -100 -100 -100 -100 -100 -100 -100 -100 -100 -100 -100 -100 -100 -100 -100 -100 -100 -100 -100 -100 -100 -100 -100 -100 -100 -100]
