RCS SIMULATOR RESULTS 20260618165838

Simulation Parameters:
    Mode: Monostatic
    Radar Frequency (GHz): 3.0000
    Wavelength (m): 0.100000
    Correlation distance (m): 0.000000
    Standard Deviation (m): 0.000000
    Incident wave polarization: TM-z
    Number of triangles: 33768
    Start phi angle (degrees): 0
    Stop phi angle (degrees): 0
    Phi increment step (degrees): 0
    Start theta angle (degrees): 0
    Stop theta angle (degrees): 180
    Theta increment step (degrees): 5.000000e-01

Simulation Results IR Signature:
Theta (deg):
[0 0.5 1 1.5 2 2.5 3 3.5 4 4.5 5 5.5 6 6.5 7 7.5 8 8.5 9 9.5 10 10.5 11 11.5 12 12.5 13 13.5 14 14.5 15 15.5 16 16.5 17 17.5 18 18.5 19 19.5 20 20.5 21 21.5 22 22.5 23 23.5 24 24.5 25 25.5 26 26.5 27 27.5 28 28.5 29 29.5 30 30.5 31 31.5 32 32.5 33 33.5 34 34.5 35 35.5 36 36.5 37 37.5 38 38.5 39 39.5 40 40.5 41 41.5 42 42.5 43 43.5 44 44.5 45 45.5 46 46.5 47 47.5 48 48.5 49 49.5 50 50.5 51 51.5 52 52.5 53 53.5 54 54.5 55 55.5 56 56.5 57 57.5 58 58.5 59 59.5 60 60.5 61 61.5 62 62.5 63 63.5 64 64.5 65 65.5 66 66.5 67 67.5 68 68.5 69 69.5 70 70.5 71 71.5 72 72.5 73 73.5 74 74.5 75 75.5 76 76.5 77 77.5 78 78.5 79 79.5 80 80.5 81 81.5 82 82.5 83 83.5 84 84.5 85 85.5 86 86.5 87 87.5 88 88.5 89 89.5 90 90.5 91 91.5 92 92.5 93 93.5 94 94.5 95 95.5 96 96.5 97 97.5 98 98.5 99 99.5 100 100.5 101 101.5 102 102.5 103 103.5 104 104.5 105 105.5 106 106.5 107 107.5 108 108.5 109 109.5 110 110.5 111 111.5 112 112.5 113 113.5 114 114.5 115 115.5 116 116.5 117 117.5 118 118.5 119 119.5 120 120.5 121 121.5 122 122.5 123 123.5 124 124.5 125 125.5 126 126.5 127 127.5 128 128.5 129 129.5 130 130.5 131 131.5 132 132.5 133 133.5 134 134.5 135 135.5 136 136.5 137 137.5 138 138.5 139 139.5 140 140.5 141 141.5 142 142.5 143 143.5 144 144.5 145 145.5 146 146.5 147 147.5 148 148.5 149 149.5 150 150.5 151 151.5 152 152.5 153 153.5 154 154.5 155 155.5 156 156.5 157 157.5 158 158.5 159 159.5 160 160.5 161 161.5 162 162.5 163 163.5 164 164.5 165 165.5 166 166.5 167 167.5 168 168.5 169 169.5 170 170.5 171 171.5 172 172.5 173 173.5 174 174.5 175 175.5 176 176.5 177 177.5 178 178.5 179 179.5 180]

RCS Theta (dBsm):
[29.2293728265693 28.9112964099744 27.9357184279942 26.2266577255119 23.6200158084403 19.756951336823 13.6699319943943 0.920715857601168 4.68558940959177 8.95116946996127 8.7902293031647 5.58926667672056 -1.9340351262509 -0.717788919952551 4.69409164562843 6.40596450202255 5.85281869508441 3.24817256894516 -1.2633869806257 -1.86956152081645 1.64860483854465 3.35989420826058 3.17575326471753 1.13760684081066 -3.46512366196999 -15.0201570641353 -11.8086132874747 -6.2839941534036 -5.77070224534258 -8.35696376544042 -14.0705720963364 -13.4269604758238 -9.42109159830341 -8.50578129116832 -10.2674863296639 -15.7113471771005 -29.5519654216361 -15.7097894399456 -11.6280622389047 -10.7663411292636 -12.5553288760873 -19.5013169139995 -22.8287412624083 -12.1065417115475 -8.75904751720944 -8.39668895377137 -10.6886140630827 -15.6095878483288 -14.3177060344599 -10.1762174114372 -8.52435689188728 -8.35377757334766 -8.74276749529186 -9.46425172671726 -10.9711017508098 -12.2223466379068 -10.2708919869301 -7.93222366339535 -7.41424969912014 -8.96919156216103 -11.7084157075627 -11.631978109639 -9.98051290297597 -9.76858198188721 -10.1733289513566 -9.63357379772901 -9.29894214506534 -10.7825636779651 -13.1565422247864 -11.4791610805705 -9.46733021661592 -9.95787277440023 -12.1329853133758 -12.004443656964 -10.8909685677189 -12.178420503896 -14.1656656879063 -12.290739905991 -11.6066126506084 -14.4677921249637 -16.2811319603424 -13.2403581009715 -14.0161379437442 -19.621535269858 -16.3261382667855 -13.905845281763 -16.6044259348832 -16.5550664990742 -13.5312884992954 -15.6145619396904 -17.350287931758 -11.6480512812369 -10.6627714622009 -13.958076996681 -15.2432573047911 -13.4419572346645 -16.1912890184706 -15.1794621898515 -11.3400930140999 -12.601449308697 -22.3781973299249 -22.7566662044391 -19.7612199346342 -20.7320713753554 -15.8121007375934 -17.0091121516475 -20.9398696338096 -13.4641957237407 -12.0603181302665 -14.9784125106375 -17.1680123410596 -17.6926967589767 -15.3561478242051 -11.177137551646 -11.1349468093334 -15.5582631572378 -19.0044374057962 -14.5141013834923 -8.77041344571389 -5.99326918727212 -7.02833814759447 -10.6043883319844 -8.58901672906405 -5.34394676753852 -2.82697505616211 -2.18295270734133 -4.90933454948213 -2.40320141352434 3.83118858094127 7.81422689068817 10.7395788490145 12.6740521714367 13.3290294252165 12.7957897006625 11.5045009876235 9.5431845386413 6.06254888834975 -0.0336032533233533 -3.62299118101082 -1.33005662180772 0.204670387651379 0.393429577000136 -2.12748229183251 -5.99831903913477 -5.52605813893606 -5.16819577256175 -3.92772442240172 -3.47246408522744 -5.74657740716263 -6.30048524524806 -5.82760826630693 -7.46295017616707 -5.79315965848263 -5.05387667114977 -6.16217172751746 -5.05881991398547 -5.96162539068126 -8.93648307095904 -5.70130016158879 -4.73001070714898 -4.81627278515578 -3.85095470700402 -6.44711897068874 -9.38773527857237 -4.03047910526948 -2.82669403151943 -2.41045555791499 -2.25462603583047 -7.00008940694272 -7.15642741046064 -0.507545718827801 1.2078084501683 1.77040902304744 0.869850544217146 -7.4135145054659 -0.344738432101681 7.14313120809549 10.679798552677 13.1337775764617 14.7631173085615 15.1467174142668 14.3029394455395 12.7390186041496 10.5890132013666 6.60158528540331 -3.03443298066634 -7.90352904595421 -1.29934503071694 -0.152581354805735 0.583373710510312 -1.50867362514896 -12.4490565262969 -8.47979084548981 -4.41609301918873 -5.88510701287325 -5.36316141399546 -5.6996819344111 -14.8066012590527 -10.167045308493 -5.29339577959507 -7.57888058451383 -12.1048437120793 -9.58958205792606 -14.370276412795 -15.0241803920996 -6.67609847363345 -6.85805178283141 -14.8927274490173 -16.7639863037121 -13.0871786945133 -29.8008621530099 -11.6443225416999 -7.42814544831397 -9.43533277716325 -21.1871384003898 -13.828756980583 -12.037712389696 -22.4408051228826 -12.9037702945141 -8.56950325491445 -11.3275681680707 -19.8010755138274 -10.3938500961485 -9.60760338569837 -17.1858859240743 -18.460036947032 -11.9197904959171 -13.8486152632664 -18.9611079991658 -12.0507386751098 -9.19402147919454 -10.8081571829924 -20.641357175854 -15.0617528228679 -11.2625903256501 -16.0790368285822 -20.6000065685304 -10.6901873945647 -10.0169047832897 -13.9648235578961 -16.2251986135512 -12.5436589412382 -10.8489004197067 -12.3585893481286 -22.9171947303012 -15.9059198840288 -10.8938361169507 -13.1704598113656 -23.9145718606968 -13.2192193025456 -10.4360417006704 -10.965426730501 -12.8668398718517 -17.7301225712361 -15.493257302668 -10.5350338063085 -10.9908946985567 -19.2013606762846 -19.646611018806 -13.1646215159585 -13.0431003446969 -13.7493880590113 -15.8949338293638 -21.7247724000669 -12.348558295073 -8.89501713369933 -10.1357367448312 -16.1310798642184 -17.5592285810903 -15.0376036661986 -14.0117218712943 -10.9863566611471 -10.3560608951884 -14.7627554780102 -33.1872922510248 -14.7881253272074 -13.2089300814863 -14.3849578668648 -13.0863166140707 -13.3529346331718 -21.1836378094382 -18.5532027329349 -11.56906337715 -11.0069854803305 -13.200324691232 -12.6879595194642 -11.8123538287133 -15.8897563914758 -27.7316114043527 -12.814377202254 -10.2884769566165 -11.691429046862 -12.2119600537703 -9.47793506644028 -8.99623385689598 -12.6468407151713 -31.625491768636 -16.458403683775 -13.9956493090577 -17.4056654859733 -13.106188830845 -8.00200873639771 -6.61067586049653 -8.3331156873664 -13.0078331902597 -12.9816377804398 -10.0094540506389 -10.6359061607336 -15.8102900197821 -18.3052833860686 -13.0285444793232 -13.3732370887318 -21.6340079662674 -13.9355054218187 -7.59939620004122 -5.65674449978451 -6.67817207691834 -10.9627399021905 -12.4798083527652 -6.97498788642237 -4.43796042741354 -4.49730324913911 -7.2516756469133 -14.2209520100694 -11.7464015725294 -5.85358117412694 -3.60030392932852 -3.75316438484304 -6.62078865352978 -15.147963903021 -10.4033531286456 -3.82169711226545 -1.33595353130774 -1.34597091865451 -4.17130094916819 -13.0393211626327 -7.3924654037602 -0.803199566717147 1.74213694658399 1.83974253327282 -0.817681935635607 -9.8380237322974 -4.74835012572861 2.47213697254449 5.29106849749902 5.57988787741259 2.97020415126336 -8.24155166991112 -0.165013294908825 7.47472606767031 10.4843093741192 10.8331806805313 7.66428417092005 -15.4490991154287 11.7497932406526 18.8313263855368 23.0167196262414 25.7683864940207 27.5504388639503 28.5613890905718 28.8901252075599]

Phi (deg):
[0 0 0 0 0 0 0 0 0 0 0 0 0 0 0 0 0 0 0 0 0 0 0 0 0 0 0 0 0 0 0 0 0 0 0 0 0 0 0 0 0 0 0 0 0 0 0 0 0 0 0 0 0 0 0 0 0 0 0 0 0 0 0 0 0 0 0 0 0 0 0 0 0 0 0 0 0 0 0 0 0 0 0 0 0 0 0 0 0 0 0 0 0 0 0 0 0 0 0 0 0 0 0 0 0 0 0 0 0 0 0 0 0 0 0 0 0 0 0 0 0 0 0 0 0 0 0 0 0 0 0 0 0 0 0 0 0 0 0 0 0 0 0 0 0 0 0 0 0 0 0 0 0 0 0 0 0 0 0 0 0 0 0 0 0 0 0 0 0 0 0 0 0 0 0 0 0 0 0 0 0 0 0 0 0 0 0 0 0 0 0 0 0 0 0 0 0 0 0 0 0 0 0 0 0 0 0 0 0 0 0 0 0 0 0 0 0 0 0 0 0 0 0 0 0 0 0 0 0 0 0 0 0 0 0 0 0 0 0 0 0 0 0 0 0 0 0 0 0 0 0 0 0 0 0 0 0 0 0 0 0 0 0 0 0 0 0 0 0 0 0 0 0 0 0 0 0 0 0 0 0 0 0 0 0 0 0 0 0 0 0 0 0 0 0 0 0 0 0 0 0 0 0 0 0 0 0 0 0 0 0 0 0 0 0 0 0 0 0 0 0 0 0 0 0 0 0 0 0 0 0 0 0 0 0 0 0 0 0 0 0 0 0 0 0 0 0 0 0 0 0 0 0 0 0 0 0 0 0 0 0]

RCS Phi (dBsm):
[-100 -100 -100 -100 -100 -100 -100 -100 -100 -100 -100 -100 -100 -100 -100 -100 -100 -100 -100 -100 -100 -100 -100 -100 -100 -100 -100 -100 -100 -100 -100 -100 -100 -100 -100 -100 -100 -100 -100 -100 -100 -100 -100 -100 -100 -100 -100 -100 -100 -100 -100 -100 -100 -100 -100 -100 -100 -100 -100 -100 -100 -100 -100 -100 -100 -100 -100 -100 -100 -100 -100 -100 -100 -100 -100 -100 -100 -100 -100 -100 -100 -100 -100 -100 -100 -100 -100 -100 -100 -100 -100 -100 -100 -100 -100 -100 -100 -100 -100 -100 -100 -100 -100 -100 -100 -100 -100 -100 -100 -100 -100 -100 -100 -100 -100 -100 -100 -100 -100 -100 -100 -100 -100 -100 -100 -100 -100 -100 -100 -100 -100 -100 -100 -100 -100 -100 -100 -100 -100 -100 -100 -100 -100 -100 -100 -100 -100 -100 -100 -100 -100 -100 -100 -100 -100 -100 -100 -100 -100 -100 -100 -100 -100 -100 -100 -100 -100 -100 -100 -100 -100 -100 -100 -100 -100 -100 -100 -100 -100 -100 -100 -100 -100 -100 -100 -100 -100 -100 -100 -100 -100 -100 -100 -100 -100 -99.9999999999999 -100 -100 -100 -100 -100 -100 -100 -100 -100 -100 -100 -100 -100 -100 -100 -100 -100 -100 -100 -100 -100 -100 -100 -100 -100 -100 -100 -100 -100 -100 -100 -100 -100 -100 -100 -100 -100 -100 -100 -100 -100 -100 -100 -100 -100 -100 -100 -100 -100 -100 -100 -100 -100 -100 -100 -100 -100 -100 -100 -100 -100 -100 -100 -100 -100 -100 -100 -100 -100 -100 -100 -100 -100 -100 -100 -100 -100 -100 -100 -100 -100 -100 -100 -100 -100 -100 -100 -100 -100 -100 -100 -100 -100 -100 -100 -100 -100 -100 -100 -100 -100 -100 -100 -100 -100 -100 -100 -100 -100 -100 -100 -100 -100 -100 -100 -100 -100 -100 -100 -100 -100 -100 -100 -100 -100 -100 -100 -100 -100 -100 -100 -100 -100 -100 -100 -100 -100 -100 -100 -100 -100 -100 -100 -100 -100 -100 -100 -100 -100 -100 -100 -100 -100 -100 -100 -100 -100 -100 -100 -100 -100 -100 -100 -100 -100]
