RCS SIMULATOR RESULTS 20260616220113

Simulation Parameters:
    Mode: Monostatic
    Radar Frequency (GHz): 6.0000
    Wavelength (m): 0.050000
    Correlation distance (m): 0.000000
    Standard Deviation (m): 0.000000
    Incident wave polarization: TM-z
    Number of triangles: 3868
    Start phi angle (degrees): 0
    Stop phi angle (degrees): 0
    Phi increment step (degrees): 0
    Start theta angle (degrees): 0
    Stop theta angle (degrees): 360
    Theta increment step (degrees): 2

Simulation Results IR Signature:
Theta (deg):
[0 2 4 6 8 10 12 14 16 18 20 22 24 26 28 30 32 34 36 38 40 42 44 46 48 50 52 54 56 58 60 62 64 66 68 70 72 74 76 78 80 82 84 86 88 90 92 94 96 98 100 102 104 106 108 110 112 114 116 118 120 122 124 126 128 130 132 134 136 138 140 142 144 146 148 150 152 154 156 158 160 162 164 166 168 170 172 174 176 178 180 182 184 186 188 190 192 194 196 198 200 202 204 206 208 210 212 214 216 218 220 222 224 226 228 230 232 234 236 238 240 242 244 246 248 250 252 254 256 258 260 262 264 266 268 270 272 274 276 278 280 282 284 286 288 290 292 294 296 298 300 302 304 306 308 310 312 314 316 318 320 322 324 326 328 330 332 334 336 338 340 342 344 346 348 350 352 354 356 358 360]

RCS Theta (dBsm):
[34.9001277162513 13.9902710389787 10.5856081519221 -8.44857751401293 0.264142724821401 -2.89830983092561 -16.9699280048609 -5.91146745730514 -10.5399133434965 -18.5865386475221 -9.87446278123954 -14.3834223507471 -26.6300088253061 -16.8136111031808 -13.4091745847689 -16.1543900078629 -26.362324372803 -23.0233033198402 -17.0534614077221 -16.609386345274 -17.4993091347812 -17.8670220256495 -18.3704680004647 -18.6532477154493 -19.1055598169292 -19.4531924119892 -19.8089986608702 -20.7460082664845 -21.1182161095163 -22.2506798753455 -27.8668252906793 -22.2911472370833 -15.7212441767873 -16.5816207004773 -39.0342909378036 -15.3079511286926 -13.1560232018097 -23.1539365227181 -13.3620170228297 -11.3212773840042 -46.1977140875791 -8.05946008040275 -10.0225004867154 -5.68190760039906 4.35251298363047 18.1356699920252 4.5722087218812 -4.8358883291883 -10.8163376869279 -7.81970394666404 -28.9088091442962 -11.8593758967324 -13.0252131464047 -25.9362074673216 -14.034353951491 -15.9915994447163 -37.5395270663993 -16.8557862680745 -15.6687118508727 -22.297876043083 -30.6111093485348 -23.5825679117847 -21.5419500888715 -20.70997887322 -20.3429635238201 -19.8550250081886 -19.1738751754259 -18.9104640800472 -18.5465369494651 -18.1098000257844 -17.5660024504317 -16.6304847255533 -16.995635400658 -22.9243615005927 -26.0153923296437 -16.2925775907971 -13.5988952156976 -16.7916313669159 -27.3314866136242 -14.4285745288859 -9.82668069556802 -18.5596151019746 -10.5540633645258 -5.90609930745897 -16.9440590543432 -2.90752457706066 0.253508184593519 -8.46620087598538 10.5843156559696 13.9898065030996 34.9004182580592 13.9898065030991 10.5843156559697 -8.46620087598405 0.253508184593681 -2.90752457706085 -16.9440590543422 -5.90609930745899 -10.5540633645255 -18.559615101975 -9.82668069556798 -14.4285745288858 -27.3314866136236 -16.7916313669159 -13.5988952156975 -16.2925775907973 -26.0153923296439 -22.924361500593 -16.9956354006583 -16.6304847255535 -17.5660024504318 -18.1098000257846 -18.546536949465 -18.9104640800473 -19.1738751754255 -19.8550250081887 -20.3429635238197 -20.7099788732201 -21.5419500888717 -23.5825679117844 -30.6111093485331 -22.2978760430826 -15.6687118508727 -16.8557862680746 -37.539527066406 -15.991599444716 -14.0343539514907 -25.9362074673229 -13.0252131464047 -11.8593758967319 -28.9088091442957 -7.81970394666378 -10.8163376869283 -4.83588832918866 4.57220872188115 18.1356699920252 4.3525129836304 -5.68190760039941 -10.022500486716 -8.05946008040275 -46.1977140875468 -11.3212773840041 -13.3620170228301 -23.1539365227169 -13.1560232018099 -15.3079511286927 -39.0342909378039 -16.581620700478 -15.721244176787 -22.2911472370825 -27.8668252906796 -22.2506798753459 -21.1182161095161 -20.746008266485 -19.8089986608708 -19.4531924119889 -19.1055598169289 -18.6532477154497 -18.3704680004646 -17.8670220256492 -17.4993091347809 -16.6093863452746 -17.0534614077214 -23.0233033198419 -26.3623243728018 -16.1543900078634 -13.409174584769 -16.8136111031805 -26.6300088253058 -14.3834223507471 -9.87446278124039 -18.5865386475222 -10.5399133434953 -5.911467457305 -16.9699280048609 -2.89830983092622 0.26414272482166 -8.44857751401298 10.585608151922 13.9902710389784 34.9001277162513]

Phi (deg):
[0 0 0 0 0 0 0 0 0 0 0 0 0 0 0 0 0 0 0 0 0 0 0 0 0 0 0 0 0 0 0 0 0 0 0 0 0 0 0 0 0 0 0 0 0 0 0 0 0 0 0 0 0 0 0 0 0 0 0 0 0 0 0 0 0 0 0 0 0 0 0 0 0 0 0 0 0 0 0 0 0 0 0 0 0 0 0 0 0 0 0 0 0 0 0 0 0 0 0 0 0 0 0 0 0 0 0 0 0 0 0 0 0 0 0 0 0 0 0 0 0 0 0 0 0 0 0 0 0 0 0 0 0 0 0 0 0 0 0 0 0 0 0 0 0 0 0 0 0 0 0 0 0 0 0 0 0 0 0 0 0 0 0 0 0 0 0 0 0 0 0 0 0 0 0 0 0 0 0 0 0]

RCS Phi (dBsm):
[-100 -100 -100 -100 -100 -100 -100 -100 -100 -100 -100 -100 -100 -100 -100 -100 -100 -100 -100 -100 -100 -100 -100 -100 -100 -100 -100 -100 -100 -100 -100 -100 -100 -100 -100 -100 -100 -100 -100 -100 -100 -100 -100 -100 -100 -100 -100 -100 -100 -100 -100 -100 -100 -100 -100 -100 -100 -100 -100 -100 -100 -100 -100 -100 -100 -100 -100 -100 -100 -100 -100 -100 -100 -100 -100 -100 -100 -100 -100 -100 -100 -100 -100 -100 -100 -100 -100 -100 -100 -100 -100 -100 -100 -100 -100 -100 -100 -100 -100 -100 -100 -100 -100 -100 -100 -100 -100 -100 -100 -100 -100 -100 -100 -100 -100 -100 -100 -100 -100 -100 -100 -100 -100 -100 -100 -100 -100 -100 -100 -100 -100 -100 -100 -100 -100 -100 -100 -100 -100 -100 -100 -100 -100 -100 -100 -100 -100 -100 -100 -100 -100 -100 -100 -100 -100 -100 -100 -100 -100 -100 -100 -100 -100 -100 -100 -100 -100 -100 -100 -100 -100 -100 -100 -100 -100 -100 -100 -100 -100 -100 -100]
