RCS SIMULATOR RESULTS 20260616220206

Simulation Parameters:
    Mode: Monostatic
    Radar Frequency (GHz): 6.0000
    Wavelength (m): 0.050000
    Correlation distance (m): 0.000000
    Standard Deviation (m): 0.000000
    Incident wave polarization: TM-z
    Number of triangles: 3868
    Start phi angle (degrees): 0
    Stop phi angle (degrees): 0
    Phi increment step (degrees): 0
    Start theta angle (degrees): 0
    Stop theta angle (degrees): 360
    Theta increment step (degrees): 5.000000e-01

Simulation Results IR Signature:
Theta (deg):
[0 0.5 1 1.5 2 2.5 3 3.5 4 4.5 5 5.5 6 6.5 7 7.5 8 8.5 9 9.5 10 10.5 11 11.5 12 12.5 13 13.5 14 14.5 15 15.5 16 16.5 17 17.5 18 18.5 19 19.5 20 20.5 21 21.5 22 22.5 23 23.5 24 24.5 25 25.5 26 26.5 27 27.5 28 28.5 29 29.5 30 30.5 31 31.5 32 32.5 33 33.5 34 34.5 35 35.5 36 36.5 37 37.5 38 38.5 39 39.5 40 40.5 41 41.5 42 42.5 43 43.5 44 44.5 45 45.5 46 46.5 47 47.5 48 48.5 49 49.5 50 50.5 51 51.5 52 52.5 53 53.5 54 54.5 55 55.5 56 56.5 57 57.5 58 58.5 59 59.5 60 60.5 61 61.5 62 62.5 63 63.5 64 64.5 65 65.5 66 66.5 67 67.5 68 68.5 69 69.5 70 70.5 71 71.5 72 72.5 73 73.5 74 74.5 75 75.5 76 76.5 77 77.5 78 78.5 79 79.5 80 80.5 81 81.5 82 82.5 83 83.5 84 84.5 85 85.5 86 86.5 87 87.5 88 88.5 89 89.5 90 90.5 91 91.5 92 92.5 93 93.5 94 94.5 95 95.5 96 96.5 97 97.5 98 98.5 99 99.5 100 100.5 101 101.5 102 102.5 103 103.5 104 104.5 105 105.5 106 106.5 107 107.5 108 108.5 109 109.5 110 110.5 111 111.5 112 112.5 113 113.5 114 114.5 115 115.5 116 116.5 117 117.5 118 118.5 119 119.5 120 120.5 121 121.5 122 122.5 123 123.5 124 124.5 125 125.5 126 126.5 127 127.5 128 128.5 129 129.5 130 130.5 131 131.5 132 132.5 133 133.5 134 134.5 135 135.5 136 136.5 137 137.5 138 138.5 139 139.5 140 140.5 141 141.5 142 142.5 143 143.5 144 144.5 145 145.5 146 146.5 147 147.5 148 148.5 149 149.5 150 150.5 151 151.5 152 152.5 153 153.5 154 154.5 155 155.5 156 156.5 157 157.5 158 158.5 159 159.5 160 160.5 161 161.5 162 162.5 163 163.5 164 164.5 165 165.5 166 166.5 167 167.5 168 168.5 169 169.5 170 170.5 171 171.5 172 172.5 173 173.5 174 174.5 175 175.5 176 176.5 177 177.5 178 178.5 179 179.5 180 180.5 181 181.5 182 182.5 183 183.5 184 184.5 185 185.5 186 186.5 187 187.5 188 188.5 189 189.5 190 190.5 191 191.5 192 192.5 193 193.5 194 194.5 195 195.5 196 196.5 197 197.5 198 198.5 199 199.5 200 200.5 201 201.5 202 202.5 203 203.5 204 204.5 205 205.5 206 206.5 207 207.5 208 208.5 209 209.5 210 210.5 211 211.5 212 212.5 213 213.5 214 214.5 215 215.5 216 216.5 217 217.5 218 218.5 219 219.5 220 220.5 221 221.5 222 222.5 223 223.5 224 224.5 225 225.5 226 226.5 227 227.5 228 228.5 229 229.5 230 230.5 231 231.5 232 232.5 233 233.5 234 234.5 235 235.5 236 236.5 237 237.5 238 238.5 239 239.5 240 240.5 241 241.5 242 242.5 243 243.5 244 244.5 245 245.5 246 246.5 247 247.5 248 248.5 249 249.5 250 250.5 251 251.5 252 252.5 253 253.5 254 254.5 255 255.5 256 256.5 257 257.5 258 258.5 259 259.5 260 260.5 261 261.5 262 262.5 263 263.5 264 264.5 265 265.5 266 266.5 267 267.5 268 268.5 269 269.5 270 270.5 271 271.5 272 272.5 273 273.5 274 274.5 275 275.5 276 276.5 277 277.5 278 278.5 279 279.5 280 280.5 281 281.5 282 282.5 283 283.5 284 284.5 285 285.5 286 286.5 287 287.5 288 288.5 289 289.5 290 290.5 291 291.5 292 292.5 293 293.5 294 294.5 295 295.5 296 296.5 297 297.5 298 298.5 299 299.5 300 300.5 301 301.5 302 302.5 303 303.5 304 304.5 305 305.5 306 306.5 307 307.5 308 308.5 309 309.5 310 310.5 311 311.5 312 312.5 313 313.5 314 314.5 315 315.5 316 316.5 317 317.5 318 318.5 319 319.5 320 320.5 321 321.5 322 322.5 323 323.5 324 324.5 325 325.5 326 326.5 327 327.5 328 328.5 329 329.5 330 330.5 331 331.5 332 332.5 333 333.5 334 334.5 335 335.5 336 336.5 337 337.5 338 338.5 339 339.5 340 340.5 341 341.5 342 342.5 343 343.5 344 344.5 345 345.5 346 346.5 347 347.5 348 348.5 349 349.5 350 350.5 351 351.5 352 352.5 353 353.5 354 354.5 355 355.5 356 356.5 357 357.5 358 358.5 359 359.5 360]

RCS Theta (dBsm):
[34.9001277162513 33.5625073512315 29.027300111329 17.6725236991604 13.9902710389787 16.8432491899174 7.07058393708748 8.01749883867301 10.5856081519221 -0.810336089228956 4.59603693716368 6.20880832114415 -8.44857751401293 2.1578990759363 2.74871255471019 -18.5076239759313 0.264142724821401 -0.182524301220552 -28.182522115616 -1.35450148849499 -2.89830983092561 -18.9413162475081 -2.95913070990596 -5.51791087679922 -16.9699280048609 -4.62217754197284 -7.60925547019591 -17.4487846332946 -5.91146745730514 -8.96313832702473 -16.885956462544 -6.65164967684778 -10.5399133434965 -16.2287912343052 -8.0390364056735 -12.637195917796 -18.5865386475221 -9.67275383203524 -12.5531736855919 -21.3880839795437 -9.87446278123954 -12.8492213147971 -20.5562420873555 -11.2125747463482 -14.3834223507471 -30.0512194271139 -12.9544768685993 -12.8251559549595 -26.6300088253061 -12.8283375406501 -13.8875135326544 -36.3776553588802 -16.8136111031808 -13.6995378085988 -20.4600401780951 -16.5516807063509 -13.4091745847689 -21.5852670469332 -24.1346120705819 -15.5735466820615 -16.1543900078629 -23.9239305420804 -15.0199551413957 -17.3271154064516 -26.362324372803 -21.4697840438208 -15.2079076064332 -21.2695562554696 -23.0233033198402 -18.3622009089152 -16.924701734698 -23.3919426619463 -17.0534614077221 -17.5879394089904 -22.1516563328954 -27.7950091037136 -16.609386345274 -17.6959961118467 -32.5976315026879 -28.6365514062229 -17.4993091347812 -19.0014749706762 -30.8844067056371 -25.2621832823168 -17.8670220256495 -19.0906172006546 -25.0361086650453 -23.8504964154155 -18.3704680004647 -18.6454854197018 -23.7336794130212 -23.8500324430254 -18.6532477154493 -17.6386003869002 -23.7104515659011 -25.9108253814245 -19.1055598169292 -17.0624612435552 -25.2696913974032 -33.6150984715038 -19.4531924119892 -16.9812086427564 -26.8128239571394 -30.8513334830482 -19.8089986608702 -17.5836403872111 -26.9525116570712 -22.6767109322596 -20.7460082664845 -20.356646908879 -25.3811518999625 -18.4560788204926 -21.1182161095163 -29.3955711613542 -22.5394945429174 -16.6175162610671 -22.2506798753455 -25.2860412580176 -19.5029354085321 -18.9154457170041 -27.8668252906793 -17.7342092712398 -17.8692032115438 -31.9829240587269 -22.2911472370833 -16.7095014868179 -20.7262717013825 -21.1748124316174 -15.7212441767873 -20.7658665305967 -27.9610901423784 -16.346753216893 -16.5816207004773 -28.8772826559389 -14.8203554863552 -16.0516965253355 -39.0342909378036 -15.9360460035181 -14.8925450175514 -29.1733765625848 -15.3079511286926 -13.1564745828224 -27.9078037013454 -14.7260329679481 -13.1560232018097 -26.3909115226381 -15.3996139668271 -12.5885021789937 -23.1539365227181 -14.7000684668361 -11.6617202593368 -24.0480596608651 -13.3620170228297 -11.448923029386 -28.1295704149062 -12.4867492487627 -11.3212773840042 -33.8629532654017 -11.4147339760233 -10.7612003249821 -46.1977140875791 -9.83266416611086 -10.1604618014967 -25.3872066420205 -8.05946008040275 -9.89401802386237 -17.3166705651741 -6.15094835557074 -10.0225004867154 -11.2650521138513 -3.81843289637905 -10.4840046786918 -5.68190760039906 -0.61610402558763 -11.1713018409314 0.416291605719064 4.35251298363047 -11.8647696648243 9.68235229594558 16.3237189981428 18.1356699920252 16.39116672991 9.84119049092717 -12.2768650006094 4.5722087218812 0.875810299143675 -11.8724668855058 -0.325750298838655 -4.8358883291883 -11.287815396004 -3.52146602653883 -9.87774948386012 -10.8163376869279 -5.87816347427243 -15.0102683795546 -10.6416017918871 -7.81970394666404 -20.992610104598 -10.8243089430343 -9.58006505601362 -28.9088091442962 -11.3393397395059 -11.0903643436713 -38.0384331625926 -11.8593758967324 -12.1172942361557 -32.3104271798352 -12.0078678880487 -13.0252131464047 -26.746773637306 -12.3291343916661 -14.5190786947713 -25.9362074673216 -13.4452889328316 -15.6022892260085 -29.3627859637591 -14.034353951491 -15.1998939246312 -27.6676495322496 -13.9347766362183 -15.9915994447163 -29.7345746402507 -15.6552410605049 -16.4759199182425 -37.5395270663993 -16.3665735584733 -15.1371746670795 -30.5733056039461 -16.8557862680745 -16.5651585338021 -27.3981959312205 -21.017389207097 -15.6687118508727 -21.4446338598435 -21.0790609707505 -16.7412503873012 -22.297876043083 -33.6863624171527 -18.2037599559007 -17.8962903406702 -30.6111093485348 -19.5652030966989 -20.4636468990613 -25.9676164228075 -23.5825679117847 -17.535010590366 -23.81676519225 -29.5617266045045 -21.5419500888715 -18.4980346439677 -25.6060665625816 -20.6851840678894 -20.70997887322 -22.511065407291 -26.101615263844 -17.9563231596393 -20.3429635238201 -33.101517266396 -26.1604874252156 -17.1334018387401 -19.8550250081886 -33.3478596963232 -25.4935662317919 -17.2542514954237 -19.1738751754259 -25.753022839458 -24.1112771891379 -17.9012799851255 -18.9104640800472 -23.3153727804292 -23.5157299270962 -18.6828461599175 -18.5465369494651 -23.6938571620209 -25.1687160705756 -19.3038425450065 -18.1098000257844 -25.0591481027001 -30.3577586938694 -18.8350022576084 -17.5660024504317 -28.9358940593272 -33.4915759680019 -17.6880253697351 -16.6304847255533 -28.0311445981126 -22.2727811980068 -17.605975423151 -16.995635400658 -23.4332041664472 -17.0088310616476 -18.4498259219195 -22.9243615005927 -21.5343081041887 -15.2991082305052 -21.6381187395142 -26.0153923296437 -17.397803614709 -15.1502050167171 -24.1200659850515 -16.2925775907971 -15.6079040764982 -24.1153099943981 -21.731306804004 -13.5988952156976 -16.8289175910593 -20.7323898835518 -13.8103112081624 -16.7916313669159 -36.3223582512209 -13.9020981530487 -12.9746475903687 -27.3314866136242 -12.9105148602545 -13.0905572296797 -30.1391257673614 -14.4285745288859 -11.2210607875133 -20.6323431855296 -12.7532816810576 -9.82668069556802 -21.3276956669988 -12.4980231695366 -9.62697058163859 -18.5596151019746 -12.6050733979996 -8.043806369881 -16.3223413327962 -10.5540633645258 -6.71229950357613 -17.1290624001045 -8.9190116707308 -5.90609930745897 -17.4380222142795 -7.60751005904459 -4.61273534681103 -16.9440590543432 -5.51028312584664 -2.94944522574743 -18.8906182197487 -2.90752457706066 -1.36609239441057 -28.583599596388 -0.189225970501116 0.253508184593519 -18.4862134195027 2.74396822094014 2.15442547761709 -8.46620087598538 6.20326705840982 4.59329609178264 -0.81532610138868 10.5843156559696 8.01940459209722 7.06511877128049 16.8417548916698 13.9898065030996 17.6722820817105 29.0274001466177 33.5627544542315 34.9004182580592 33.5627544542314 29.0274001466176 17.6722820817112 13.9898065030991 16.8417548916699 7.06511877128113 8.01940459209745 10.5843156559697 -0.815326101387678 4.5932960917824 6.2032670584097 -8.46620087598405 2.1544254776169 2.74396822094026 -18.4862134194996 0.253508184593681 -0.18922597050095 -28.5835995963929 -1.36609239441069 -2.90752457706085 -18.8906182197507 -2.94944522574757 -5.51028312584643 -16.9440590543422 -4.61273534681102 -7.60751005904434 -17.4380222142804 -5.90609930745899 -8.91901167073104 -17.1290624001054 -6.71229950357616 -10.5540633645255 -16.3223413327957 -8.04380636988103 -12.6050733979993 -18.559615101975 -9.62697058163871 -12.4980231695367 -21.3276956669997 -9.82668069556798 -12.7532816810573 -20.6323431855289 -11.2210607875133 -14.4285745288858 -30.1391257673634 -13.0905572296797 -12.9105148602546 -27.3314866136236 -12.9746475903688 -13.9020981530485 -36.3223582512232 -16.7916313669159 -13.8103112081624 -20.7323898835516 -16.8289175910598 -13.5988952156975 -21.7313068040027 -24.1153099943987 -15.6079040764982 -16.2925775907973 -24.1200659850512 -15.1502050167173 -17.397803614709 -26.0153923296439 -21.6381187395136 -15.2991082305051 -21.5343081041884 -22.924361500593 -18.4498259219195 -17.0088310616477 -23.4332041664475 -16.9956354006583 -17.6059754231509 -22.2727811980073 -28.0311445981104 -16.6304847255535 -17.6880253697351 -33.4915759680057 -28.9358940593266 -17.5660024504318 -18.8350022576081 -30.3577586938696 -25.0591481027002 -18.1098000257846 -19.3038425450063 -25.1687160705763 -23.6938571620207 -18.546536949465 -18.6828461599174 -23.5157299270963 -23.3153727804297 -18.9104640800473 -17.9012799851252 -24.1112771891377 -25.753022839458 -19.1738751754255 -17.2542514954237 -25.493566231792 -33.3478596963232 -19.8550250081887 -17.1334018387403 -26.1604874252147 -33.101517266396 -20.3429635238197 -17.9563231596393 -26.101615263844 -22.5110654072914 -20.7099788732201 -20.6851840678895 -25.606066562582 -18.4980346439678 -21.5419500888717 -29.5617266045041 -23.8167651922498 -17.5350105903661 -23.5825679117844 -25.967616422805 -20.4636468990614 -19.5652030966986 -30.6111093485331 -17.8962903406703 -18.2037599559007 -33.6863624171517 -22.2978760430826 -16.7412503873014 -21.0790609707504 -21.4446338598432 -15.6687118508727 -21.0173892070963 -27.3981959312193 -16.5651585338024 -16.8557862680746 -30.5733056039483 -15.1371746670797 -16.3665735584732 -37.539527066406 -16.4759199182425 -15.6552410605047 -29.7345746402477 -15.991599444716 -13.9347766362182 -27.6676495322496 -15.1998939246314 -14.0343539514907 -29.3627859637609 -15.602289226009 -13.4452889328316 -25.9362074673229 -14.5190786947715 -12.3291343916658 -26.7467736373029 -13.0252131464047 -12.007867888049 -32.3104271798355 -12.1172942361558 -11.8593758967319 -38.0384331625964 -11.0903643436713 -11.3393397395058 -28.9088091442957 -9.58006505601323 -10.8243089430341 -20.992610104598 -7.81970394666378 -10.641601791887 -15.0102683795542 -5.87816347427266 -10.8163376869283 -9.87774948386087 -3.52146602653886 -11.2878153960046 -4.83588832918866 -0.325750298838763 -11.8724668855039 0.875810299143407 4.57220872188115 -12.2768650006042 9.84119049092716 16.3911667299102 18.1356699920252 16.3237189981428 9.68235229594615 -11.864769664825 4.3525129836304 0.416291605719308 -11.1713018409322 -0.616104025587249 -5.68190760039941 -10.4840046786912 -3.8184328963788 -11.2650521138518 -10.022500486716 -6.1509483555709 -17.3166705651743 -9.8940180238626 -8.05946008040275 -25.3872066420265 -10.1604618014965 -9.83266416611099 -46.1977140875468 -10.7612003249817 -11.4147339760225 -33.8629532654066 -11.3212773840041 -12.4867492487625 -28.1295704149062 -11.4489230293859 -13.3620170228301 -24.0480596608654 -11.6617202593365 -14.7000684668352 -23.1539365227169 -12.5885021789942 -15.3996139668271 -26.3909115226356 -13.1560232018099 -14.7260329679485 -27.9078037013499 -13.1564745828224 -15.3079511286927 -29.1733765625843 -14.8925450175514 -15.9360460035262 -39.0342909378039 -16.0516965253355 -14.8203554863554 -28.877282655939 -16.581620700478 -16.3467532168926 -27.9610901423812 -20.765866530597 -15.721244176787 -21.1748124316182 -20.7262717013825 -16.7095014868176 -22.2911472370825 -31.9829240587284 -17.8692032115434 -17.7342092712397 -27.8668252906796 -18.9154457170047 -19.502935408532 -25.2860412580171 -22.2506798753459 -16.6175162610672 -22.5394945429167 -29.3955711613552 -21.1182161095161 -18.4560788204923 -25.3811518999628 -20.3566469088792 -20.746008266485 -22.6767109322595 -26.9525116570719 -17.5836403872117 -19.8089986608708 -30.8513334830473 -26.8128239571395 -16.9812086427564 -19.4531924119889 -33.6150984715044 -25.269691397404 -17.0624612435552 -19.1055598169289 -25.910825381425 -23.7104515659018 -17.6386003869003 -18.6532477154497 -23.8500324430256 -23.733679413021 -18.6454854197015 -18.3704680004646 -23.8504964154145 -25.0361086650465 -19.0906172006546 -17.8670220256492 -25.2621832823177 -30.8844067056356 -19.0014749706766 -17.4993091347809 -28.6365514062233 -32.5976315026855 -17.6959961118467 -16.6093863452746 -27.7950091037112 -22.1516563328966 -17.58793940899 -17.0534614077214 -23.3919426619454 -16.9247017346985 -18.3622009089154 -23.0233033198419 -21.2695562554694 -15.2079076064339 -21.4697840438193 -26.3623243728018 -17.32711540645 -15.019955141396 -23.923930542081 -16.1543900078634 -15.5735466820619 -24.1346120705807 -21.5852670469337 -13.409174584769 -16.5516807063517 -20.4600401780951 -13.6995378085992 -16.8136111031805 -36.3776553588752 -13.887513532654 -12.8283375406498 -26.6300088253058 -12.8251559549597 -12.9544768685987 -30.0512194271129 -14.3834223507471 -11.2125747463476 -20.5562420873515 -12.8492213147984 -9.87446278124039 -21.3880839795433 -12.553173685592 -9.67275383203513 -18.5865386475222 -12.6371959177961 -8.03903640567432 -16.2287912343036 -10.5399133434953 -6.65164967684731 -16.8859564625447 -8.96313832702533 -5.911467457305 -17.4487846332969 -7.60925547019536 -4.6221775419721 -16.9699280048609 -5.51791087679897 -2.95913070990621 -18.9413162475065 -2.89830983092622 -1.35450148849489 -28.1825221156035 -0.182524301220526 0.26414272482166 -18.5076239759311 2.74871255471048 2.1578990759374 -8.44857751401298 6.20880832114388 4.59603693716355 -0.810336089228251 10.585608151922 8.01749883867305 7.07058393708578 16.8432491899172 13.9902710389784 17.6725236991594 29.0273001113289 33.5625073512317 34.9001277162513]

Phi (deg):
[0 0 0 0 0 0 0 0 0 0 0 0 0 0 0 0 0 0 0 0 0 0 0 0 0 0 0 0 0 0 0 0 0 0 0 0 0 0 0 0 0 0 0 0 0 0 0 0 0 0 0 0 0 0 0 0 0 0 0 0 0 0 0 0 0 0 0 0 0 0 0 0 0 0 0 0 0 0 0 0 0 0 0 0 0 0 0 0 0 0 0 0 0 0 0 0 0 0 0 0 0 0 0 0 0 0 0 0 0 0 0 0 0 0 0 0 0 0 0 0 0 0 0 0 0 0 0 0 0 0 0 0 0 0 0 0 0 0 0 0 0 0 0 0 0 0 0 0 0 0 0 0 0 0 0 0 0 0 0 0 0 0 0 0 0 0 0 0 0 0 0 0 0 0 0 0 0 0 0 0 0 0 0 0 0 0 0 0 0 0 0 0 0 0 0 0 0 0 0 0 0 0 0 0 0 0 0 0 0 0 0 0 0 0 0 0 0 0 0 0 0 0 0 0 0 0 0 0 0 0 0 0 0 0 0 0 0 0 0 0 0 0 0 0 0 0 0 0 0 0 0 0 0 0 0 0 0 0 0 0 0 0 0 0 0 0 0 0 0 0 0 0 0 0 0 0 0 0 0 0 0 0 0 0 0 0 0 0 0 0 0 0 0 0 0 0 0 0 0 0 0 0 0 0 0 0 0 0 0 0 0 0 0 0 0 0 0 0 0 0 0 0 0 0 0 0 0 0 0 0 0 0 0 0 0 0 0 0 0 0 0 0 0 0 0 0 0 0 0 0 0 0 0 0 0 0 0 0 0 0 0 0 0 0 0 0 0 0 0 0 0 0 0 0 0 0 0 0 0 0 0 0 0 0 0 0 0 0 0 0 0 0 0 0 0 0 0 0 0 0 0 0 0 0 0 0 0 0 0 0 0 0 0 0 0 0 0 0 0 0 0 0 0 0 0 0 0 0 0 0 0 0 0 0 0 0 0 0 0 0 0 0 0 0 0 0 0 0 0 0 0 0 0 0 0 0 0 0 0 0 0 0 0 0 0 0 0 0 0 0 0 0 0 0 0 0 0 0 0 0 0 0 0 0 0 0 0 0 0 0 0 0 0 0 0 0 0 0 0 0 0 0 0 0 0 0 0 0 0 0 0 0 0 0 0 0 0 0 0 0 0 0 0 0 0 0 0 0 0 0 0 0 0 0 0 0 0 0 0 0 0 0 0 0 0 0 0 0 0 0 0 0 0 0 0 0 0 0 0 0 0 0 0 0 0 0 0 0 0 0 0 0 0 0 0 0 0 0 0 0 0 0 0 0 0 0 0 0 0 0 0 0 0 0 0 0 0 0 0 0 0 0 0 0 0 0 0 0 0 0 0 0 0 0 0 0 0 0 0 0 0 0 0 0 0 0 0 0 0 0 0 0 0 0 0 0 0 0 0 0 0 0 0 0 0 0 0 0 0 0 0 0 0 0 0 0 0 0 0 0 0 0 0 0 0 0 0 0 0 0 0 0 0 0 0 0 0 0 0 0 0 0 0 0 0 0 0 0 0 0 0 0 0 0 0 0 0 0 0 0 0 0 0 0 0 0 0 0 0 0 0 0 0 0 0 0 0 0 0 0 0]

RCS Phi (dBsm):
[-100 -100 -100 -100 -100 -100 -100 -100 -100 -100 -100 -100 -100 -100 -100 -100 -100 -100 -100 -100 -100 -100 -100 -100 -100 -100 -100 -100 -100 -100 -100 -100 -100 -100 -100 -100 -100 -100 -100 -100 -100 -100 -100 -100 -100 -100 -100 -100 -100 -100 -100 -100 -100 -100 -100 -100 -100 -100 -100 -100 -100 -100 -100 -100 -100 -100 -100 -100 -100 -100 -100 -100 -100 -100 -100 -100 -100 -100 -100 -100 -100 -100 -100 -100 -100 -100 -100 -100 -100 -100 -100 -100 -100 -100 -100 -100 -100 -100 -100 -100 -100 -100 -100 -100 -100 -100 -100 -100 -100 -100 -100 -100 -100 -100 -100 -100 -100 -100 -100 -100 -100 -100 -100 -100 -100 -100 -100 -100 -100 -100 -100 -100 -100 -100 -100 -100 -100 -100 -100 -100 -100 -100 -100 -100 -100 -100 -100 -100 -100 -100 -100 -100 -100 -100 -100 -100 -100 -100 -100 -100 -100 -100 -100 -100 -100 -100 -100 -100 -100 -100 -100 -100 -100 -100 -100 -100 -100 -100 -100 -100 -100 -100 -100 -100 -100 -100 -100 -100 -100 -100 -100 -100 -100 -100 -100 -100 -100 -100 -100 -100 -100 -100 -100 -100 -100 -100 -100 -100 -100 -100 -100 -100 -100 -100 -100 -100 -100 -100 -100 -100 -100 -100 -100 -100 -100 -100 -100 -100 -100 -100 -100 -100 -100 -100 -100 -100 -100 -100 -100 -100 -100 -100 -100 -100 -100 -100 -100 -100 -100 -100 -100 -100 -100 -100 -100 -100 -100 -100 -100 -100 -100 -100 -100 -100 -100 -100 -100 -100 -100 -100 -100 -100 -100 -100 -100 -100 -100 -100 -100 -100 -100 -100 -100 -100 -100 -100 -100 -100 -100 -100 -100 -100 -100 -100 -100 -100 -100 -100 -100 -100 -100 -100 -100 -100 -100 -100 -100 -100 -100 -100 -100 -100 -100 -100 -100 -100 -100 -100 -100 -100 -100 -100 -100 -100 -100 -100 -100 -100 -100 -100 -100 -100 -100 -100 -100 -100 -100 -100 -100 -100 -100 -100 -100 -100 -100 -100 -100 -100 -100 -100 -100 -100 -100 -100 -100 -100 -100 -100 -100 -100 -100 -100 -100 -100 -100 -100 -100 -100 -100 -100 -100 -100 -100 -100 -100 -100 -100 -100 -100 -100 -100 -100 -100 -100 -100 -100 -100 -100 -100 -100 -100 -100 -100 -100 -100 -100 -100 -100 -100 -100 -100 -100 -100 -100 -100 -100 -100 -100 -100 -100 -100 -100 -100 -100 -100 -100 -100 -100 -100 -100 -100 -100 -100 -100 -100 -100 -100 -100 -100 -100 -100 -100 -100 -100 -100 -100 -100 -100 -100 -100 -100 -100 -100 -100 -100 -100 -100 -100 -100 -100 -100 -100 -100 -100 -100 -100 -100 -100 -100 -100 -100 -100 -100 -100 -100 -100 -100 -100 -100 -100 -100 -100 -100 -100 -100 -100 -100 -100 -100 -100 -100 -100 -100 -100 -100 -100 -100 -100 -100 -100 -100 -100 -100 -100 -100 -100 -100 -100 -100 -100 -100 -100 -100 -100 -100 -100 -100 -100 -100 -100 -100 -100 -100 -100 -100 -100 -100 -100 -100 -100 -100 -100 -100 -100 -100 -100 -100 -100 -100 -100 -100 -100 -100 -100 -100 -100 -100 -100 -100 -100 -100 -100 -100 -100 -100 -100 -100 -100 -100 -100 -100 -100 -100 -100 -100 -100 -100 -100 -100 -100 -100 -100 -100 -100 -100 -100 -100 -100 -100 -100 -100 -100 -100 -100 -100 -100 -100 -100 -100 -100 -100 -100 -100 -100 -100 -100 -100 -100 -100 -100 -100 -100 -100 -100 -100 -100 -100 -100 -100 -100 -100 -100 -100 -100 -100 -100 -100 -100 -100 -100 -100 -100 -100 -100 -100 -100 -100 -100 -100 -100 -100 -100 -100 -100 -100 -100 -100 -100 -100 -100 -100 -100 -100 -100 -100 -100 -100 -100 -100 -100 -100 -100 -100 -100 -100 -100 -100 -100 -100 -100 -100 -100 -100 -100 -100 -100 -100 -100 -100 -100 -100 -100 -100 -100 -100 -100 -100 -100 -100 -100 -100 -100 -100 -100 -100 -100 -100 -100 -100 -100 -100 -100 -100 -100 -100 -100 -100 -100 -100 -100 -100 -100 -100 -100 -100 -100 -100 -100 -100 -100 -100 -100 -100 -100 -100 -100 -100 -100 -100 -100 -100 -100 -100 -100 -100 -100 -100 -100 -100 -100 -100]
