RCS SIMULATOR RESULTS 20260617214621

Simulation Parameters:
    Mode: Monostatic
    Radar Frequency (GHz): 10.0000
    Wavelength (m): 0.030000
    Correlation distance (m): 0.000000
    Standard Deviation (m): 0.000000
    Incident wave polarization: TM-z
    Number of triangles: 14192
    Start phi angle (degrees): 0
    Stop phi angle (degrees): 0
    Phi increment step (degrees): 0
    Start theta angle (degrees): 0
    Stop theta angle (degrees): 360
    Theta increment step (degrees): 2

Simulation Results IR Signature:
Theta (deg):
[0 2 4 6 8 10 12 14 16 18 20 22 24 26 28 30 32 34 36 38 40 42 44 46 48 50 52 54 56 58 60 62 64 66 68 70 72 74 76 78 80 82 84 86 88 90 92 94 96 98 100 102 104 106 108 110 112 114 116 118 120 122 124 126 128 130 132 134 136 138 140 142 144 146 148 150 152 154 156 158 160 162 164 166 168 170 172 174 176 178 180 182 184 186 188 190 192 194 196 198 200 202 204 206 208 210 212 214 216 218 220 222 224 226 228 230 232 234 236 238 240 242 244 246 248 250 252 254 256 258 260 262 264 266 268 270 272 274 276 278 280 282 284 286 288 290 292 294 296 298 300 302 304 306 308 310 312 314 316 318 320 322 324 326 328 330 332 334 336 338 340 342 344 346 348 350 352 354 356 358 360]

RCS Theta (dBsm):
[54.8036867882824 31.1359328921531 24.6883678227041 23.0609111214563 19.4498723083752 16.4485939830839 7.26001155779414 13.3450480333989 3.88997790618613 14.3165423005353 11.8042452750163 13.2945690560314 6.82797092758214 10.103162117933 -2.28896889992337 9.7789792901168 3.05353316486147 6.29258756400617 3.43935708747467 7.84959233881339 8.40923858889341 2.58983159783842 2.24316029107973 3.03775142743391 3.79822394855173 7.97311621279389 1.93446333801732 7.10325677000971 7.97090908123775 8.68987426605957 12.3423205828041 9.72830747539947 14.823063923196 12.2414030218624 15.1045007433746 17.2892887343706 4.82742078470495 2.35460407846486 19.0687072805841 18.8782821176093 21.1769644708893 19.8054654675704 14.1489144931654 15.8323266770225 29.3363946142858 44.4553287601181 29.31878073477 15.7802523884394 14.0992148202655 19.8699567604465 21.2936876749743 19.0257420001334 19.0093942544685 2.31151926426635 4.56165421982907 17.2704737128221 14.8738942703645 12.0044100863076 14.8721468926284 9.9924153364243 12.5206786554451 8.77611231844705 8.12924891325449 6.84142250675311 1.7697624402688 7.73407334256338 3.52027675091238 4.1114576431003 1.90480436664274 2.34157305338635 8.16128450742898 7.04030857182455 3.95146738084148 4.40379001464343 3.10440725261416 9.07828425697307 1.47151448885053 9.53158218667101 4.50567418970985 13.2922804335112 11.5267824246456 14.5688464221585 2.64576925053728 13.714750055681 8.53933615492688 18.0970808383228 21.5158294316115 23.9049451538147 24.5077487939354 29.7587306707239 53.1923766152964 31.0556977563134 24.2031572293261 20.4276583686941 18.3747144146921 19.4060250770737 6.16802915205592 15.2416371554389 9.3396287395662 13.8102726770974 15.2977115394512 14.2373438982627 9.20827884578591 14.9717638008021 0.756241753321709 6.11892871174899 3.847988816219 5.5686074514708 8.60926002668786 3.00106077965445 5.01273730663155 3.85501800066107 -0.287653710399415 -5.83437809964827 1.10902526633135 -1.19819327180572 0.0807908252633447 -1.38027130108992 -1.03337251926204 -0.879140484553156 -2.25656476584283 -3.2644492525326 -6.42372885182168 -2.25297327547446 4.23399296789351 -5.36467335424252 -16.8209030770871 -8.63649935040463 -3.86587033618412 2.14062861968394 1.22922855164055 9.67503648347382 18.2760446080955 2.43412372546957 27.3781280392222 44.3709573288745 27.3836084636738 2.06010102001333 18.3377534845268 9.69079056942658 1.29585772674603 2.56332452443397 -3.28723519449685 -7.54345963576054 -13.8677275970419 -5.4812062245635 4.36066872555107 -1.43361187700269 -6.37321408675628 -4.2961713670749 -2.30137341765759 -0.816004093217897 -1.20989315454816 -1.60880972923512 0.326933843821517 -1.33600299230546 1.08320761975498 -5.1964337188106 -0.520428180509323 3.86932890355779 5.29120997756863 2.85412880520218 8.64566099000147 4.52435151194653 5.27780422874963 6.0596125992839 0.142182441553094 15.2366749522402 10.0735090721234 14.4537368920381 14.4074411580213 12.9569854607529 7.4767164661634 16.5560861741438 6.67379257607748 17.9155042391732 17.200184965514 21.7979491375247 24.8758374892539 30.7900074592648 54.8036867882821]

Phi (deg):
[0 0 0 0 0 0 0 0 0 0 0 0 0 0 0 0 0 0 0 0 0 0 0 0 0 0 0 0 0 0 0 0 0 0 0 0 0 0 0 0 0 0 0 0 0 0 0 0 0 0 0 0 0 0 0 0 0 0 0 0 0 0 0 0 0 0 0 0 0 0 0 0 0 0 0 0 0 0 0 0 0 0 0 0 0 0 0 0 0 0 0 0 0 0 0 0 0 0 0 0 0 0 0 0 0 0 0 0 0 0 0 0 0 0 0 0 0 0 0 0 0 0 0 0 0 0 0 0 0 0 0 0 0 0 0 0 0 0 0 0 0 0 0 0 0 0 0 0 0 0 0 0 0 0 0 0 0 0 0 0 0 0 0 0 0 0 0 0 0 0 0 0 0 0 0 0 0 0 0 0 0]

RCS Phi (dBsm):
[-100 -99.9999999999966 -99.9999999999993 -99.9999999999993 -99.9999999999972 -99.9999999999989 -99.9999999999991 -99.9999999999998 -99.9999999999997 -99.9999999999997 -100 -99.9999999999999 -99.9999999999996 -99.9999999999986 -99.9999999999984 -99.9999999999993 -99.9999999999998 -99.9999999999998 -99.9999999999981 -99.9999999999995 -99.9999999999998 -99.9999999999998 -99.9999999999993 -99.9999999999995 -99.9999999999996 -99.9999999999996 -99.9999999999999 -99.999999999999 -99.9999999999989 -99.9999999999993 -99.9999999999997 -99.9999999999998 -100 -99.999999999999 -99.9999999999999 -99.9999999999999 -99.9999999999995 -99.9999999999998 -99.9999999999999 -99.9999999999998 -99.9999999999991 -99.9999999999975 -99.9999999999962 -99.9999999999941 -99.9999999999943 -99.9999999997344 -99.9999999999977 -99.9999999999785 -99.9999999999993 -99.9999999999989 -99.9999999999988 -99.9999999999997 -99.9999999999996 -99.9999999999999 -100 -99.9999999999994 -100 -99.9999999999998 -99.9999999999999 -99.9999999999999 -99.9999999999998 -100 -99.9999999999999 -99.9999999999998 -100 -99.9999999999998 -100 -99.9999999999997 -99.9999999999997 -99.9999999999995 -100 -99.9999999999999 -100 -99.9999999999994 -100 -99.9999999999999 -100 -100 -100 -99.9999999999999 -99.9999999999994 -99.9999999999985 -99.9999999999999 -99.9999999999994 -99.9999999999987 -99.9999999999998 -99.9999999999995 -100 -99.9999999999999 -100 -100 -99.9999999999998 -99.9999999999997 -100 -99.9999999999998 -99.9999999999999 -99.9999999999998 -99.9999999999996 -99.9999999999999 -99.9999999999998 -99.999999999999 -99.9999999999996 -99.9999999999999 -99.9999999999997 -99.9999999999994 -99.9999999999993 -99.9999999999996 -99.9999999999999 -99.9999999999996 -99.9999999999997 -99.9999999999997 -99.9999999999997 -100 -100 -99.9999999999999 -99.9999999999999 -99.9999999999998 -99.9999999999999 -100 -99.9999999999999 -99.9999999999997 -99.9999999999998 -99.9999999999994 -99.9999999999999 -99.9999999999998 -99.9999999999998 -99.9999999999999 -99.9999999999995 -99.9999999999998 -99.9999999999994 -99.9999999999997 -99.9999999999968 -99.9999999999965 -99.9999999999978 -99.9999999999976 -99.9999999998123 -99.9999999999993 -99.9999999999809 -99.9999999999986 -99.9999999999997 -99.9999999999994 -99.9999999999996 -99.9999999999997 -99.9999999999999 -100 -99.9999999999993 -99.9999999999994 -99.9999999999997 -99.9999999999999 -99.9999999999991 -99.9999999999993 -99.9999999999997 -99.9999999999993 -99.9999999999986 -99.9999999999992 -99.9999999999989 -99.9999999999995 -99.9999999999995 -99.9999999999991 -99.9999999999998 -100 -99.9999999999999 -99.9999999999983 -99.999999999999 -99.9999999999995 -99.9999999999994 -99.9999999999973 -99.9999999999971 -99.9999999999993 -100 -99.9999999999998 -99.9999999999996 -99.9999999999997 -99.9999999999998 -99.9999999999992 -99.9999999999977 -99.9999999999986 -99.9999999999997 -99.9999999999997 -99.9999999999955 -100]
