RCS SIMULATOR RESULTS 20260618150613

Simulation Parameters:
    Mode: Monostatic
    Radar Frequency (GHz): 3.0000
    Wavelength (m): 0.100000
    Correlation distance (m): 0.000000
    Standard Deviation (m): 0.000000
    Incident wave polarization: TM-z
    Number of triangles: 5564
    Start phi angle (degrees): 0
    Stop phi angle (degrees): 0
    Phi increment step (degrees): 0
    Start theta angle (degrees): 0
    Stop theta angle (degrees): 180
    Theta increment step (degrees): 5.000000e-01

Simulation Results IR Signature:
Theta (deg):
[0 0.5 1 1.5 2 2.5 3 3.5 4 4.5 5 5.5 6 6.5 7 7.5 8 8.5 9 9.5 10 10.5 11 11.5 12 12.5 13 13.5 14 14.5 15 15.5 16 16.5 17 17.5 18 18.5 19 19.5 20 20.5 21 21.5 22 22.5 23 23.5 24 24.5 25 25.5 26 26.5 27 27.5 28 28.5 29 29.5 30 30.5 31 31.5 32 32.5 33 33.5 34 34.5 35 35.5 36 36.5 37 37.5 38 38.5 39 39.5 40 40.5 41 41.5 42 42.5 43 43.5 44 44.5 45 45.5 46 46.5 47 47.5 48 48.5 49 49.5 50 50.5 51 51.5 52 52.5 53 53.5 54 54.5 55 55.5 56 56.5 57 57.5 58 58.5 59 59.5 60 60.5 61 61.5 62 62.5 63 63.5 64 64.5 65 65.5 66 66.5 67 67.5 68 68.5 69 69.5 70 70.5 71 71.5 72 72.5 73 73.5 74 74.5 75 75.5 76 76.5 77 77.5 78 78.5 79 79.5 80 80.5 81 81.5 82 82.5 83 83.5 84 84.5 85 85.5 86 86.5 87 87.5 88 88.5 89 89.5 90 90.5 91 91.5 92 92.5 93 93.5 94 94.5 95 95.5 96 96.5 97 97.5 98 98.5 99 99.5 100 100.5 101 101.5 102 102.5 103 103.5 104 104.5 105 105.5 106 106.5 107 107.5 108 108.5 109 109.5 110 110.5 111 111.5 112 112.5 113 113.5 114 114.5 115 115.5 116 116.5 117 117.5 118 118.5 119 119.5 120 120.5 121 121.5 122 122.5 123 123.5 124 124.5 125 125.5 126 126.5 127 127.5 128 128.5 129 129.5 130 130.5 131 131.5 132 132.5 133 133.5 134 134.5 135 135.5 136 136.5 137 137.5 138 138.5 139 139.5 140 140.5 141 141.5 142 142.5 143 143.5 144 144.5 145 145.5 146 146.5 147 147.5 148 148.5 149 149.5 150 150.5 151 151.5 152 152.5 153 153.5 154 154.5 155 155.5 156 156.5 157 157.5 158 158.5 159 159.5 160 160.5 161 161.5 162 162.5 163 163.5 164 164.5 165 165.5 166 166.5 167 167.5 168 168.5 169 169.5 170 170.5 171 171.5 172 172.5 173 173.5 174 174.5 175 175.5 176 176.5 177 177.5 178 178.5 179 179.5 180]

RCS Theta (dBsm):
[29.2078569895644 28.8923358964136 27.9235111164247 26.2240780500279 23.6323872602016 19.7950206033085 13.7607617215997 0.974947168577207 4.21600134184253 8.73887387992629 8.62125519812954 5.38485441951589 -2.43953756045279 -0.706784638934611 4.79611197877704 6.52872663578751 6.00596538813415 3.43314172998747 -1.22777929889732 -2.4039074961424 1.29020840426354 3.13577438523803 3.01439492874541 0.993097964558829 -3.67406987542976 -15.8218902336298 -10.8412562014903 -5.54572993697207 -4.88623698807472 -7.11946963350454 -13.0519302529695 -17.9577677675542 -11.5443556773954 -9.44758089400318 -10.1637467231347 -13.2704865339816 -17.8972110724939 -16.9225578696629 -14.1288307586238 -13.7913721668379 -16.7849227366606 -28.879258693238 -16.7017495986037 -10.7050182637364 -8.54234738481426 -8.90458012185183 -11.9467835969678 -16.5541894261059 -12.7220708030397 -9.00379936153525 -7.58505408984364 -7.44910409983063 -7.8350843589733 -8.65675222401315 -10.3009031221904 -11.5409857756762 -9.71665306531745 -7.68175648087496 -7.46065361810401 -9.29749774943445 -12.1364583202305 -11.9204986871107 -10.4820509208316 -10.5040282697614 -10.8961265721837 -10.3088013473227 -10.2789010335527 -12.4383915266867 -15.4201323574929 -12.8310899490072 -10.8065831478691 -11.7993690536727 -14.4601823449524 -13.4686849022001 -12.1559833579289 -13.9467082060495 -16.3263668577836 -13.6019957706946 -12.8760109294746 -15.9329401532044 -16.5312624700879 -13.5298836601681 -14.8390889170222 -20.3626865268611 -15.5254107484871 -13.3385520653595 -15.3700484367344 -15.1451218379117 -13.24015925511 -16.3097085661095 -20.4283120949056 -12.9960428786492 -12.0459627851507 -15.860402951041 -15.8902415415224 -13.9803723080853 -17.0834730247193 -15.00515217475 -11.4840817029371 -13.2171992627506 -23.7833071980249 -21.7381030382654 -20.028422959097 -19.2904968284469 -14.9445668904912 -16.3138692452044 -19.6740018160386 -13.7718511918186 -12.8545658272376 -16.2474467594701 -18.1435854976429 -17.6165392804371 -14.6097692980618 -11.2996444112964 -11.697846619171 -15.4277541804365 -16.7762605736036 -13.364150792824 -8.53403907109733 -6.37850337829227 -7.80096988467841 -10.1306980311448 -7.41421977424834 -4.82584995378301 -2.82530655089822 -2.77176417833966 -6.20888636771382 -1.77586811115526 4.36520807442511 8.11373700659919 10.8640643147108 12.6637183137498 13.2081587438028 12.5761696323199 11.1936318585291 9.15632197862641 5.65277024168447 -0.0948946605307958 -2.9314543776182 -1.2100817569336 0.0419466301234459 0.230196271038929 -1.79704106376409 -4.76985448649208 -5.46163512612271 -5.93541827904164 -4.86461595593229 -4.2219210394493 -5.37029500755404 -5.46848359939449 -6.13159891294558 -8.60811294024401 -7.0118367871596 -5.76332960281321 -5.44859654467907 -4.59371221844042 -6.3724123008182 -9.93084618989905 -6.65042842843997 -5.09143399899987 -4.26728598814907 -3.7534071795389 -6.90503835559223 -9.67729731936773 -4.418098128956 -3.03663623644268 -2.50518204035284 -2.51705828945522 -7.14699409491833 -7.12218234628332 -0.383131857081869 1.46793430147398 1.67798846066044 0.466978076110233 -7.7288109164165 -0.214931570503631 7.38367564311956 10.8666241826644 13.0826877130879 14.6240109279294 15.1187613683607 14.3937142106356 12.7911040580244 10.5844541810425 6.81654907701146 -1.99092446325656 -8.70743063246974 -0.785725995501488 0.0306557515023083 0.123201571667859 -1.79191760315523 -11.2784955016372 -10.104480881787 -4.76235376062994 -5.48338115956734 -5.42076355629619 -6.12832431398837 -15.4830155073606 -11.1555305182825 -6.02741727907099 -8.01828206829818 -11.0932478973677 -9.6433045486685 -15.7205359198438 -14.4805937235855 -7.13663497184764 -7.92140884904068 -16.217552372339 -14.9228613771032 -14.3205760518766 -30.3046069498236 -10.1927155348719 -7.39848217357936 -10.6175024462336 -27.6690135431722 -13.2284462832865 -13.0536858552804 -24.9426757069782 -11.6617668518711 -8.96053111924407 -13.4355914956782 -21.1789332587393 -11.0852879611543 -11.4755671637092 -20.6356972302585 -16.1320669246994 -13.1570526608102 -17.9977416284591 -20.374009414305 -12.190198379804 -10.6323260359983 -14.366119423747 -28.6687998905724 -13.0444300044248 -11.7969348748441 -20.3108215859584 -16.0581366032988 -9.94708148822347 -10.4232831463992 -15.1802761011636 -16.3216138182949 -12.6693380120444 -11.3764762688743 -13.7429937597718 -31.8119234195577 -14.4011719268766 -10.9667522190921 -14.6406846673622 -22.6282961510836 -12.2721918921979 -10.3393252203384 -11.2696798655558 -13.6880285089341 -18.67630245102 -13.6121723760575 -9.9294357767272 -11.6056084450466 -23.8865018038834 -15.9554236301322 -11.8338871840975 -12.2169510447546 -13.0831210954434 -15.8534497081069 -18.6524071201867 -10.8196563704464 -8.36248941531462 -10.3789024462563 -16.9661735979688 -16.1882614271913 -14.1091368304431 -12.8977337352501 -10.3702025091572 -10.562071141837 -16.5374101999461 -24.1816033893642 -13.7343883417514 -13.0868621094292 -14.312861865373 -13.17319017025 -14.4128513247871 -26.3019573806647 -16.0209210994416 -10.9445244298646 -11.1245621551331 -13.7250802760752 -13.2532890915087 -12.902465184868 -18.5328860080384 -21.5257582548064 -12.162365483356 -10.6167296309584 -12.6250854278513 -12.7985557132371 -10.0219446300474 -10.0171885171874 -14.695809745174 -29.6347663157907 -15.3889002211485 -14.343293802379 -17.4300679706547 -11.8839370601118 -7.6165774876431 -6.81252953982019 -9.14468562954136 -14.4756456135342 -13.3247024194795 -10.7045173179789 -12.2298866695162 -18.6223124959247 -15.2301612181233 -11.2452689640362 -12.1697261705856 -17.9385942204507 -11.5444321950281 -6.265112190846 -4.66431157686872 -5.87337395275771 -9.85779488488983 -10.1376738817649 -5.62445731427176 -3.63811271034567 -4.14057862608664 -7.44077228797177 -14.2418844108389 -9.81679630708864 -5.09835385084017 -3.4961659689106 -4.2074409072021 -7.84000870530113 -18.4289916406986 -9.50380455401539 -3.71237974716808 -1.58157540127536 -1.84593641296985 -5.02209602825445 -15.3717198938667 -7.15334934518562 -0.852724585356513 1.55716320522534 1.55312530232589 -1.26466281900483 -11.1942689317765 -4.63206045400474 2.43257000935651 5.16066113255035 5.35459180257516 2.55113082259063 -10.1872148981934 0.522542172546612 7.74954939133048 10.6477454838965 10.9453994413119 7.74780275490031 -22.8244066196151 11.7575136708981 18.8449670464425 23.026402043516 25.773428872039 27.5511941796484 28.55802460244 28.8851413371626]

Phi (deg):
[0 0 0 0 0 0 0 0 0 0 0 0 0 0 0 0 0 0 0 0 0 0 0 0 0 0 0 0 0 0 0 0 0 0 0 0 0 0 0 0 0 0 0 0 0 0 0 0 0 0 0 0 0 0 0 0 0 0 0 0 0 0 0 0 0 0 0 0 0 0 0 0 0 0 0 0 0 0 0 0 0 0 0 0 0 0 0 0 0 0 0 0 0 0 0 0 0 0 0 0 0 0 0 0 0 0 0 0 0 0 0 0 0 0 0 0 0 0 0 0 0 0 0 0 0 0 0 0 0 0 0 0 0 0 0 0 0 0 0 0 0 0 0 0 0 0 0 0 0 0 0 0 0 0 0 0 0 0 0 0 0 0 0 0 0 0 0 0 0 0 0 0 0 0 0 0 0 0 0 0 0 0 0 0 0 0 0 0 0 0 0 0 0 0 0 0 0 0 0 0 0 0 0 0 0 0 0 0 0 0 0 0 0 0 0 0 0 0 0 0 0 0 0 0 0 0 0 0 0 0 0 0 0 0 0 0 0 0 0 0 0 0 0 0 0 0 0 0 0 0 0 0 0 0 0 0 0 0 0 0 0 0 0 0 0 0 0 0 0 0 0 0 0 0 0 0 0 0 0 0 0 0 0 0 0 0 0 0 0 0 0 0 0 0 0 0 0 0 0 0 0 0 0 0 0 0 0 0 0 0 0 0 0 0 0 0 0 0 0 0 0 0 0 0 0 0 0 0 0 0 0 0 0 0 0 0 0 0 0 0 0 0 0 0 0 0 0 0 0 0 0 0 0 0 0 0 0 0 0 0 0]

RCS Phi (dBsm):
[-100 -100 -100 -100 -100 -100 -100 -100 -100 -100 -100 -100 -100 -100 -100 -100 -100 -100 -100 -100 -100 -100 -100 -100 -100 -100 -100 -100 -100 -100 -100 -100 -100 -100 -100 -100 -100 -100 -100 -100 -100 -100 -100 -100 -100 -100 -100 -100 -100 -100 -100 -100 -100 -100 -100 -100 -100 -100 -100 -100 -100 -100 -100 -100 -100 -100 -99.9999999999999 -100 -99.9999999999998 -100 -100 -99.9999999999999 -100 -100 -100 -100 -100 -99.9999999999999 -99.9999999999999 -100 -100 -100 -100 -100 -100 -100 -100 -100 -100 -100 -100 -100 -100 -100 -100 -100 -100 -100 -100 -100 -100 -100 -100 -100 -100 -99.9999999999999 -100 -100 -100 -100 -100 -100 -100 -100 -100 -100 -100 -100 -100 -99.9999999999999 -99.9999999999999 -99.9999999999999 -100 -99.9999999999999 -99.9999999999999 -99.9999999999999 -99.9999999999999 -100 -100 -100 -100 -100 -100 -100 -100 -100 -100 -100 -100 -100 -99.9999999999999 -99.9999999999999 -100 -100 -99.9999999999999 -99.9999999999999 -100 -99.9999999999999 -99.9999999999999 -99.9999999999999 -100 -100 -100 -100 -100 -100 -100 -100 -100 -100 -100 -100 -99.9999999999999 -100 -99.9999999999999 -100 -100 -100 -99.9999999999999 -99.9999999999999 -99.9999999999999 -100 -100 -100 -100 -100 -100 -100 -100 -100 -100 -100 -100 -100 -100 -100 -100 -100 -100 -100 -99.9999999999999 -100 -100 -100 -100 -100 -100 -100 -100 -100 -100 -99.9999999999999 -99.9999999999999 -100 -100 -100 -100 -100 -100 -100 -100 -100 -100 -99.9999999999999 -99.9999999999999 -99.9999999999999 -99.9999999999999 -100 -100 -99.9999999999999 -99.9999999999999 -99.9999999999999 -100 -100 -100 -100 -99.9999999999999 -100 -100 -99.9999999999999 -99.9999999999999 -100 -100 -100 -100 -100 -100 -100 -100 -100 -100 -99.9999999999999 -100 -100 -100 -100 -100 -100 -100 -100 -100 -100 -100 -100 -100 -99.9999999999999 -100 -99.9999999999999 -99.9999999999999 -100 -100 -100 -100 -100 -100 -100 -100 -100 -100 -100 -100 -100 -100 -100 -99.9999999999999 -99.9999999999999 -100 -100 -99.9999999999999 -100 -100 -100 -100 -100 -100 -100 -100 -100 -100 -99.9999999999999 -100 -100 -99.9999999999999 -100 -99.9999999999999 -100 -100 -100 -100 -100 -100 -100 -100 -100 -100 -100 -100 -100 -100 -100 -100 -100 -100 -100 -100 -100 -100 -100 -100 -100 -100 -100 -100 -100 -100 -100 -100 -100 -100 -100 -100 -100 -100 -100 -100 -100 -100 -100 -100 -100 -100 -100 -100 -100 -100 -100 -100 -100 -100 -100 -100 -100 -100 -100 -100 -100 -100 -100 -100 -100 -100]
