RCS SIMULATOR RESULTS 20260617221851

Simulation Parameters:
    Mode: Monostatic
    Radar Frequency (GHz): 3.0000
    Wavelength (m): 0.100000
    Correlation distance (m): 0.000000
    Standard Deviation (m): 0.000000
    Incident wave polarization: TM-z
    Number of triangles: 14192
    Start phi angle (degrees): 0
    Stop phi angle (degrees): 0
    Phi increment step (degrees): 0
    Start theta angle (degrees): 0
    Stop theta angle (degrees): 360
    Theta increment step (degrees): 2

Simulation Results IR Signature:
Theta (deg):
[0 2 4 6 8 10 12 14 16 18 20 22 24 26 28 30 32 34 36 38 40 42 44 46 48 50 52 54 56 58 60 62 64 66 68 70 72 74 76 78 80 82 84 86 88 90 92 94 96 98 100 102 104 106 108 110 112 114 116 118 120 122 124 126 128 130 132 134 136 138 140 142 144 146 148 150 152 154 156 158 160 162 164 166 168 170 172 174 176 178 180 182 184 186 188 190 192 194 196 198 200 202 204 206 208 210 212 214 216 218 220 222 224 226 228 230 232 234 236 238 240 242 244 246 248 250 252 254 256 258 260 262 264 266 268 270 272 274 276 278 280 282 284 286 288 290 292 294 296 298 300 302 304 306 308 310 312 314 316 318 320 322 324 326 328 330 332 334 336 338 340 342 344 346 348 350 352 354 356 358 360]

RCS Theta (dBsm):
[47.1875235802541 30.8482296582105 23.3240435519666 16.1103705344856 12.3853626605065 8.5968143366058 3.88090962341728 -5.43842292311312 4.90641724186583 11.2804178281815 12.149610001945 11.6655439626605 7.25583214859261 10.215320722278 11.4654349946258 10.9662372620429 -7.31264168301161 8.30949742969094 7.29599808973493 5.05135010928104 7.14893687155988 9.51714380774688 8.70345211356035 -1.16259373846098 8.58436031430794 3.76751198897347 -2.48883397695393 4.27985398297406 -7.50462257540661 5.53140693273365 10.9667975703904 0.331071362376664 7.8505356219378 11.2117731991595 7.86354912725335 4.63068058239093 -6.34745320466628 8.4534036687808 3.95792858631031 -0.638816659313559 2.15424107083542 8.75433196841659 10.9793904393041 10.6436020052515 28.3549661741296 37.7005640517826 28.4315985508611 10.7143467063853 11.0430493197984 8.61146659330947 1.94118962330972 -0.628461582393878 4.39801659026321 8.35288786719727 -7.9793483504682 4.61453087233594 8.13197008250152 11.3595346764029 7.8270859182325 -0.11772367365283 11.0080601821335 5.89154793965882 -7.78999558789644 4.42728520320129 -1.70966094894108 3.98692686868284 8.52380961358162 -1.62054337270097 8.87801906536718 9.82827291491736 6.589431253847 4.72248057694442 7.63520267237391 8.58486837717293 -5.46776501046572 10.8376904790243 11.3776025790393 9.7915013644023 6.88929187313159 12.0732282133539 11.6734415740608 12.0485764048208 1.92863759589395 -3.2380422230406 4.66556351594688 11.6836784902527 11.9542410478301 16.188212813373 23.717327665958 30.4579461827236 47.5483726383877 32.2366812491981 21.3935030783631 10.846902939432 13.0680618675494 12.0795166373525 8.56449941477735 10.2726985391399 11.2493563932397 10.6896698918763 9.24437756563104 3.64594150308638 -2.02843070901561 9.892768225819 4.22790917379169 4.68521538580979 -0.366483578225592 6.01864985346243 4.76787995169666 3.37707680827274 -4.1803781842583 0.252492992610911 -1.71618119357515 -11.4077137492001 1.43135137887105 -1.52555774528131 -9.05087560493202 -6.05982369647312 -9.38062720715095 -2.42114295009835 4.4981714602334 4.24571132173878 -8.5265025678901 -2.38978006306137 4.24210803435396 3.30149785738039 -3.0523491171399 -5.15799333412364 -3.70916526758111 -9.88994593790925 -18.9647927557687 -7.18731189429029 -1.90903787772134 7.76033383668194 29.0322233084869 37.9063498744255 29.0752085908138 7.58660340893215 -1.8947126656574 -7.74875791731272 -19.6008195926615 -10.7317266731675 -3.65375253633365 -4.63007532566281 -2.15128460332591 3.67423609877634 4.67005035800117 -2.76061077926618 -7.87793445692988 4.51124990149504 4.50650217044712 -3.1412779019539 -11.385116112989 -7.02873788864266 -8.61008862364805 -1.80358324380826 1.26759428988545 -11.7200626191922 -2.22276077810505 0.388235271132699 -4.34575089532377 2.74145918894695 5.47000832365912 6.18818869901686 -1.13260712079996 4.24834882043257 2.75592844316063 9.32280894176971 -1.64358131268184 3.46295047040902 9.22788875674886 10.1757254771107 10.1741540366193 9.71202518047587 9.79448420129225 11.2645985815894 11.6365970895657 13.6802346558335 21.3052818202053 31.8274986375169 47.187523580254]

Phi (deg):
[0 0 0 0 0 0 0 0 0 0 0 0 0 0 0 0 0 0 0 0 0 0 0 0 0 0 0 0 0 0 0 0 0 0 0 0 0 0 0 0 0 0 0 0 0 0 0 0 0 0 0 0 0 0 0 0 0 0 0 0 0 0 0 0 0 0 0 0 0 0 0 0 0 0 0 0 0 0 0 0 0 0 0 0 0 0 0 0 0 0 0 0 0 0 0 0 0 0 0 0 0 0 0 0 0 0 0 0 0 0 0 0 0 0 0 0 0 0 0 0 0 0 0 0 0 0 0 0 0 0 0 0 0 0 0 0 0 0 0 0 0 0 0 0 0 0 0 0 0 0 0 0 0 0 0 0 0 0 0 0 0 0 0 0 0 0 0 0 0 0 0 0 0 0 0 0 0 0 0 0 0]

RCS Phi (dBsm):
[-100 -100 -99.9999999999982 -99.9999999999976 -99.9999999999974 -99.9999999999956 -99.9999999999992 -99.9999999999982 -99.9999999999999 -99.9999999999996 -99.9999999999984 -99.9999999999998 -99.9999999999987 -99.9999999999991 -100 -99.9999999999996 -99.9999999999986 -99.9999999999996 -99.9999999999992 -99.9999999999998 -99.9999999999992 -99.9999999999993 -99.9999999999999 -99.9999999999996 -99.999999999998 -99.9999999999997 -99.9999999999992 -99.9999999999991 -99.9999999999998 -99.9999999999998 -99.9999999999997 -99.9999999999997 -99.9999999999997 -99.9999999999999 -99.9999999999999 -99.9999999999996 -99.9999999999993 -99.9999999999978 -99.9999999999999 -99.9999999999991 -99.9999999999978 -99.9999999999843 -100 -99.9999999999985 -99.9999999999978 -99.999999999997 -99.9999999999669 -99.9999999999485 -99.9999999999985 -99.9999999999907 -99.9999999999975 -99.9999999999997 -99.9999999999998 -99.9999999999995 -99.9999999999999 -99.9999999999996 -99.9999999999998 -99.9999999999995 -99.9999999999998 -99.9999999999993 -99.9999999999999 -99.9999999999999 -100 -99.9999999999997 -99.9999999999988 -99.999999999999 -99.9999999999997 -99.9999999999994 -99.9999999999999 -99.9999999999998 -100 -99.9999999999999 -100 -100 -99.9999999999997 -99.9999999999993 -99.9999999999995 -99.9999999999998 -99.9999999999999 -99.9999999999998 -100 -100 -99.9999999999999 -99.9999999999998 -99.9999999999999 -100 -99.9999999999997 -99.9999999999996 -99.9999999999999 -100 -100 -99.9999999999999 -99.9999999999997 -99.9999999999993 -99.9999999999994 -100 -99.9999999999999 -99.9999999999997 -99.9999999999998 -99.9999999999997 -99.9999999999997 -99.9999999999998 -99.9999999999998 -99.9999999999993 -99.9999999999999 -100 -99.9999999999993 -99.9999999999995 -100 -99.9999999999998 -99.9999999999995 -99.9999999999999 -99.9999999999999 -99.9999999999997 -99.9999999999994 -99.9999999999997 -99.9999999999989 -99.9999999999995 -100 -99.9999999999999 -99.9999999999988 -99.9999999999991 -99.9999999999999 -99.999999999999 -99.9999999999996 -99.9999999999997 -99.9999999999999 -99.9999999999972 -99.9999999999996 -99.9999999999994 -99.9999999999987 -99.9999999999935 -99.9999999999984 -99.9999999999974 -99.9999999999967 -99.9999999999795 -99.9999999999771 -99.9999999999622 -99.9999999999953 -99.9999999999876 -99.9999999999997 -99.9999999999998 -99.9999999999998 -99.9999999999993 -99.9999999999987 -99.9999999999996 -99.9999999999998 -99.9999999999999 -99.9999999999996 -99.9999999999995 -99.999999999999 -100 -99.9999999999999 -99.9999999999995 -99.9999999999999 -99.9999999999994 -99.9999999999995 -99.9999999999999 -99.9999999999988 -99.9999999999984 -99.999999999999 -100 -99.9999999999996 -99.9999999999995 -99.9999999999996 -99.9999999999995 -99.9999999999993 -99.9999999999996 -99.9999999999994 -99.9999999999992 -99.9999999999989 -99.9999999999998 -99.9999999999999 -99.9999999999978 -99.9999999999992 -99.9999999999957 -99.9999999999956 -99.9999999999967 -99.9999999999982 -100 -100]
