RCS SIMULATOR RESULTS 20260617221337

Simulation Parameters:
    Mode: Monostatic
    Radar Frequency (GHz): 3.0000
    Wavelength (m): 0.100000
    Correlation distance (m): 0.000000
    Standard Deviation (m): 0.000000
    Incident wave polarization: TM-z
    Number of triangles: 179322
    Start phi angle (degrees): 0
    Stop phi angle (degrees): 0
    Phi increment step (degrees): 0
    Start theta angle (degrees): 0
    Stop theta angle (degrees): 360
    Theta increment step (degrees): 2

Simulation Results IR Signature:
Theta (deg):
[0 2 4 6 8 10 12 14 16 18 20 22 24 26 28 30 32 34 36 38 40 42 44 46 48 50 52 54 56 58 60 62 64 66 68 70 72 74 76 78 80 82 84 86 88 90 92 94 96 98 100 102 104 106 108 110 112 114 116 118 120 122 124 126 128 130 132 134 136 138 140 142 144 146 148 150 152 154 156 158 160 162 164 166 168 170 172 174 176 178 180 182 184 186 188 190 192 194 196 198 200 202 204 206 208 210 212 214 216 218 220 222 224 226 228 230 232 234 236 238 240 242 244 246 248 250 252 254 256 258 260 262 264 266 268 270 272 274 276 278 280 282 284 286 288 290 292 294 296 298 300 302 304 306 308 310 312 314 316 318 320 322 324 326 328 330 332 334 336 338 340 342 344 346 348 350 352 354 356 358 360]

RCS Theta (dBsm):
[99.4566283745225 56.8118804214499 58.5355783156874 49.6830378828544 56.3760959665514 80.4102395848601 45.7221483936818 43.3329073697167 42.7992482393417 31.3017171170334 31.0510714676968 43.8098056502079 38.1887349520937 23.4472370492583 38.4272933320643 42.8307833876834 29.44454021648 32.5740434413051 29.182290482408 24.8782870160971 48.3406275655331 21.1825854479795 26.0235373345935 37.2252166775114 32.1546222425435 34.5130865668846 22.3785346564404 16.9485002095866 31.9674483816713 47.5895227298342 28.1957316852069 28.1188299872269 39.6096068581365 40.2420571071999 26.214034331562 16.7359340822554 16.53356417236 19.9503994422776 52.8804786528211 36.420965273026 22.9897255223182 32.9153631753839 22.6149684299442 43.4512372483476 23.9439890216223 47.7526563846319 23.6970409163011 43.3601562155714 22.16464143142 32.6879718990827 23.3706595104246 36.5547970375401 52.840514574021 20.0906777845926 16.4518287005689 16.2153324778226 26.4593682949245 40.2126643094989 39.4285200839197 28.9469746566979 26.8672156260724 47.6619542968771 30.5739839561039 7.29186757842777 23.319609112214 34.2873061866917 33.1320132816797 36.6066779666045 28.1874689956036 13.9601777439373 48.2999381266442 25.3220936564547 28.0353330692653 35.0216979246191 24.9328616415467 42.3732722765408 37.4180538223298 24.334287748634 36.7846031900449 44.2142173385975 27.0869485297999 26.764583141595 37.9425751381149 43.9331699116525 49.3473558964593 35.6252583777256 41.5334130396028 42.9164380179446 57.9943281393416 54.0919709872445 102.233642451023 78.8711772850949 57.3603377935841 62.9089869211346 65.3792808100053 67.6388296094909 65.7967836652576 66.5636642331393 56.5023299692847 64.2206832477745 64.8448331493441 64.9386340908053 69.6794699983453 72.4966052417514 63.0165901972978 65.049417379597 59.8096303803713 59.9578989105192 69.2185290707106 56.2193651213174 67.9143956174206 51.947565230675 36.9505693400743 70.6668216274764 71.6724255511476 55.772439970445 66.2233287869455 41.441808990061 68.3372594058804 57.5978216525694 59.4907402588192 55.2545064081816 65.7141533938597 62.1340294877679 72.821331644313 67.9988103232723 64.5888260723554 65.3550958409015 55.6964259290314 42.8085355895392 57.1856151740758 65.6917534184467 56.5996498421725 95.3903764270105 70.2134028999885 90.345274007496 70.2039743379395 95.4770701845963 57.1806798490383 65.5087914852081 57.0493076661858 38.9256070513439 55.8324061036688 65.820792074461 62.7642462378033 68.9998110258329 72.5830058469354 62.4273968696186 65.9399435516164 55.4534812837905 57.8178891475389 57.0898959113705 68.2694173780316 44.2263734320199 65.8617195480683 55.7191190007582 71.6168471955959 70.6086883811195 52.3095177224942 52.1350398485897 68.1135387307491 54.8759117360382 71.2351539976356 60.0522058695403 60.1326481656964 65.2647283402317 63.5935327763579 72.5768976721743 69.3996025885447 65.4682879899803 65.0056775312911 64.305924721657 56.8000417729382 66.454085754773 66.2165345388132 67.6282732259401 65.3126497000564 63.1739126791638 59.3765541965309 78.3721216291245 99.4566283749165]

Phi (deg):
[0 0 0 0 0 0 0 0 0 0 0 0 0 0 0 0 0 0 0 0 0 0 0 0 0 0 0 0 0 0 0 0 0 0 0 0 0 0 0 0 0 0 0 0 0 0 0 0 0 0 0 0 0 0 0 0 0 0 0 0 0 0 0 0 0 0 0 0 0 0 0 0 0 0 0 0 0 0 0 0 0 0 0 0 0 0 0 0 0 0 0 0 0 0 0 0 0 0 0 0 0 0 0 0 0 0 0 0 0 0 0 0 0 0 0 0 0 0 0 0 0 0 0 0 0 0 0 0 0 0 0 0 0 0 0 0 0 0 0 0 0 0 0 0 0 0 0 0 0 0 0 0 0 0 0 0 0 0 0 0 0 0 0 0 0 0 0 0 0 0 0 0 0 0 0 0 0 0 0 0 0]

RCS Phi (dBsm):
[-99.9999999999999 -99.9999999988218 -99.9999999993971 -99.9999999964989 -99.9999999981942 -99.9999999983252 -99.9999999968772 -99.9999999994506 -99.9999999992132 -99.9999999995137 -99.9999999995831 -99.9999999995657 -99.9999999996606 -99.9999999996211 -99.9999999997887 -99.9999999991253 -99.9999999999959 -99.999999999462 -99.9999999995821 -99.9999999978009 -99.9999999999498 -99.9999999995623 -99.9999999999422 -99.9999999997841 -99.9999999998308 -99.9999999996685 -99.9999999996764 -99.9999999993874 -99.9999999995043 -99.9999999993974 -99.9999999999859 -99.9999999998872 -99.9999999995914 -99.9999999994028 -99.9999999985089 -99.9999999991504 -99.9999999986746 -99.9999999999407 -99.9999999983345 -99.999999999148 -99.9999999998482 -99.9999999996993 -99.9999999999479 -99.9999999943686 -99.9999999980212 -99.9999977841746 -99.9999999946356 -99.9999999953539 -99.9999999989921 -99.9999999993426 -99.9999999989922 -99.999999999729 -99.999999998781 -99.999999999681 -99.9999999989811 -99.9999999993389 -99.9999999990431 -99.9999999993475 -99.9999999996995 -99.999999999949 -99.9999999998128 -99.9999999996199 -99.9999999997903 -99.9999999995409 -99.9999999996441 -99.9999999996114 -99.9999999997225 -99.9999999997595 -99.9999999999627 -99.9999999996439 -99.9999999999139 -99.9999999978873 -99.9999999997769 -99.9999999995185 -99.9999999999617 -99.999999999432 -99.9999999998819 -99.9999999997422 -99.9999999995981 -99.9999999997092 -99.9999999997131 -99.9999999998684 -99.9999999991367 -99.9999999997043 -99.9999999971665 -99.9999999984435 -99.9999999982026 -99.9999999960963 -99.9999999995871 -99.9999999984358 -100 -99.9999999980145 -99.9999999989628 -99.9999999999884 -99.9999999986935 -99.9999999979626 -99.9999999981649 -99.9999999996005 -99.9999999985342 -99.9999999998695 -99.9999999990644 -99.9999999996966 -99.9999999993246 -99.9999999987414 -99.9999999999045 -99.9999999996844 -99.9999999999972 -99.9999999998025 -99.9999999994939 -99.9999999995097 -99.9999999992856 -99.9999999998586 -99.999999999843 -99.9999999989603 -99.9999999999318 -99.9999999993693 -99.9999999999329 -99.9999999996787 -99.9999999996101 -99.9999999997353 -99.999999999739 -99.9999999999499 -99.9999999998697 -99.9999999996596 -99.999999999882 -99.9999999989843 -99.9999999993596 -99.9999999995718 -99.9999999994204 -99.9999999992335 -99.9999999998186 -99.9999999982198 -99.9999999994034 -99.9999999904501 -99.9999999981107 -99.9999995202503 -99.9999999984153 -99.9999999907854 -99.9999999987722 -99.9999999985104 -99.9999999993647 -99.9999999985582 -99.9999999984153 -99.9999999989381 -99.9999999986572 -99.9999999983667 -99.9999999998706 -99.9999999995829 -99.9999999997445 -99.9999999998933 -99.999999999924 -99.9999999994309 -99.9999999994664 -99.999999999857 -99.9999999999109 -99.9999999993047 -99.9999999999095 -99.9999999989269 -99.9999999999206 -99.9999999998553 -99.9999999991266 -99.9999999992143 -99.9999999995516 -99.9999999998225 -99.9999999999997 -99.9999999996407 -99.9999999998548 -99.9999999989958 -99.9999999993847 -99.9999999995751 -99.9999999989872 -99.9999999998386 -99.9999999985778 -99.9999999996605 -99.9999999981903 -99.9999999993551 -99.9999999983645 -99.9999999999827 -99.9999999988288 -99.9999999981559 -100]
