RCS SIMULATOR RESULTS 20260619235042

Simulation Parameters:
    Mode: Monostatic
    Radar Frequency (GHz): 1.0000
    Wavelength (m): 0.300000
    Correlation distance (m): 0.000000
    Standard Deviation (m): 0.000000
    Incident wave polarization: TM-z
    Number of triangles: 12170
    Start phi angle (degrees): 90
    Stop phi angle (degrees): 90
    Phi increment step (degrees): 0
    Start theta angle (degrees): 0
    Stop theta angle (degrees): 180
    Theta increment step (degrees): 5.000000e-01

Simulation Results IR Signature:
Theta (deg):
[0 0.5 1 1.5 2 2.5 3 3.5 4 4.5 5 5.5 6 6.5 7 7.5 8 8.5 9 9.5 10 10.5 11 11.5 12 12.5 13 13.5 14 14.5 15 15.5 16 16.5 17 17.5 18 18.5 19 19.5 20 20.5 21 21.5 22 22.5 23 23.5 24 24.5 25 25.5 26 26.5 27 27.5 28 28.5 29 29.5 30 30.5 31 31.5 32 32.5 33 33.5 34 34.5 35 35.5 36 36.5 37 37.5 38 38.5 39 39.5 40 40.5 41 41.5 42 42.5 43 43.5 44 44.5 45 45.5 46 46.5 47 47.5 48 48.5 49 49.5 50 50.5 51 51.5 52 52.5 53 53.5 54 54.5 55 55.5 56 56.5 57 57.5 58 58.5 59 59.5 60 60.5 61 61.5 62 62.5 63 63.5 64 64.5 65 65.5 66 66.5 67 67.5 68 68.5 69 69.5 70 70.5 71 71.5 72 72.5 73 73.5 74 74.5 75 75.5 76 76.5 77 77.5 78 78.5 79 79.5 80 80.5 81 81.5 82 82.5 83 83.5 84 84.5 85 85.5 86 86.5 87 87.5 88 88.5 89 89.5 90 90.5 91 91.5 92 92.5 93 93.5 94 94.5 95 95.5 96 96.5 97 97.5 98 98.5 99 99.5 100 100.5 101 101.5 102 102.5 103 103.5 104 104.5 105 105.5 106 106.5 107 107.5 108 108.5 109 109.5 110 110.5 111 111.5 112 112.5 113 113.5 114 114.5 115 115.5 116 116.5 117 117.5 118 118.5 119 119.5 120 120.5 121 121.5 122 122.5 123 123.5 124 124.5 125 125.5 126 126.5 127 127.5 128 128.5 129 129.5 130 130.5 131 131.5 132 132.5 133 133.5 134 134.5 135 135.5 136 136.5 137 137.5 138 138.5 139 139.5 140 140.5 141 141.5 142 142.5 143 143.5 144 144.5 145 145.5 146 146.5 147 147.5 148 148.5 149 149.5 150 150.5 151 151.5 152 152.5 153 153.5 154 154.5 155 155.5 156 156.5 157 157.5 158 158.5 159 159.5 160 160.5 161 161.5 162 162.5 163 163.5 164 164.5 165 165.5 166 166.5 167 167.5 168 168.5 169 169.5 170 170.5 171 171.5 172 172.5 173 173.5 174 174.5 175 175.5 176 176.5 177 177.5 178 178.5 179 179.5 180]

RCS Theta (dBsm):
[-11.46336624129 -11.4533852099247 -11.6609755595752 -11.6500378589885 -10.9906734295914 -9.63665812728369 -7.97548204295599 -6.35037538312005 -4.95909959916033 -3.85098666778658 -3.03608689701881 -2.513708370768 -2.27436283909028 -2.30599871557813 -2.60166120274195 -3.13401405816915 -3.84501893866056 -4.60616085044376 -5.19470049979627 -5.37652078521933 -5.08910457283364 -4.52472077368805 -3.94737215678983 -3.55014177440037 -3.44876902622328 -3.69885402940047 -4.3231796313042 -5.29935487189462 -6.47088307468682 -7.41536958407181 -7.57109909923847 -6.89844817181347 -5.98790707822075 -5.36234761592076 -5.20203643100343 -5.7224702633308 -6.94777067589373 -8.80764741993591 -10.2136143055701 -9.13753076407226 -6.70285510921696 -4.65875974044138 -3.41216121467977 -2.97860823201836 -3.31496026482246 -4.46174018631762 -6.25131777096696 -7.74163372728763 -7.36081602345494 -5.66402036935582 -4.28663841293523 -3.75948553818998 -4.17552552141918 -5.48051541130124 -7.17846895147988 -7.70005218406993 -6.36503460786093 -4.91294209349302 -4.38357026782809 -5.05217285647734 -6.93399199086085 -8.82478101553438 -7.34515871194915 -4.42297717611388 -2.53303223684086 -1.94205400141725 -2.65312526284219 -4.64854904389455 -6.96822917977171 -6.21996970061253 -3.64333929288806 -2.04566237216116 -1.834959556741 -2.96736247793778 -5.09502451433453 -6.27394930138924 -4.9340511298412 -3.57618217256496 -3.67323255680632 -5.65481453985695 -9.11577537663312 -8.17579858809105 -4.47592443812619 -2.71377380509174 -3.09546805683621 -5.95695580301767 -11.1855187930533 -7.58965398068081 -3.1173756384561 -1.42885355466148 -1.89573797247255 -4.41062212939611 -7.47849766416992 -5.61611875951028 -3.04956665394997 -2.62692085232931 -4.56823689215882 -8.46926972584114 -7.48883260129646 -4.01306434921992 -3.09323189038853 -5.22289450222442 -13.6511617809459 -13.3818429853705 -5.00740379070388 -2.96140581834357 -4.45236510813419 -11.7111805432606 -14.5471931556342 -4.75813231117311 -2.30030905098727 -3.22268184033064 -7.34137579148163 -7.91018615771557 -3.22442822606173 -1.65533811337775 -3.49292052662563 -12.0024267808446 -10.3036234250301 -2.34823339544067 -0.187350826495917 -0.901077256182672 -3.43840998570797 -4.01092266592905 -2.43968730245099 -3.18813786864112 -8.75801043169166 -7.87066016376045 -1.12472476038271 0.636161890091146 -1.41540094334561 -3.39521187197218 2.82955514406471 6.52148197542802 7.10914229012765 3.8515317647675 -17.3585027508893 5.64947596918857 11.2938919479587 13.2475298008558 12.590291221497 8.46945086361701 -0.0972621157281484 10.0085624850221 14.5047820539553 15.8236328261679 14.7466003860177 10.7049182050316 4.31310518652407 10.5035307124072 14.3539664747785 15.2834545588187 13.9366389785603 9.87749997822095 2.3524751956343 6.27773583496757 10.1750238724245 10.9234864311398 9.44479593768251 5.68453536699642 -1.67492210790015 -16.6548862748321 -7.07690712990925 -6.56552239450333 -7.1402247191012 -2.32744464366505 2.34530573543973 5.41865516904437 7.03588122874046 7.11796598874759 5.16655563670859 -0.696693194478349 -3.21508742539926 5.93909978649154 10.2770930619961 12.6756955755508 14.0864469914143 14.9746328104674 15.5810556457198 15.9686114075475 16.0856108189213 15.8493342217313 15.1692929495728 13.9673085541453 12.1311317465376 9.49699089157327 5.81098520239466 0.698153810667934 -5.67781174965189 -7.33137030412562 -4.26440365756165 -1.52521401327992 0.390955464300123 1.17751497675117 0.570478166033842 -1.85858066261368 -7.35007191847597 -16.093113116065 -7.82976698723331 -4.33718416007875 -3.66479225255343 -4.78723530475701 -7.43760896506156 -11.6974979900617 -18.5025837375814 -36.1604963889396 -23.8898136334057 -20.6356097666418 -22.1127645551937 -20.35845142247 -13.6817168996982 -9.60806032132295 -7.72592761097964 -7.73553061367602 -9.99376836463562 -16.5104438231703 -19.4148278598593 -10.5608864225069 -7.21651113580507 -6.44397116863462 -7.81165889021326 -12.0495236905889 -24.5303437468162 -16.9679911164012 -11.7994908493451 -11.0350922047785 -13.3005111953261 -19.9808500926434 -24.7346190216543 -17.0809261755944 -15.264601669402 -16.5414780823873 -20.6457064906854 -26.0237107524259 -23.9828538324043 -21.6365645259053 -20.4789672436898 -19.2871374350604 -17.6921755190691 -15.5603385834963 -13.282989958303 -11.6177237141911 -11.0650608693478 -11.6860867304575 -12.7759732856107 -12.3230551891861 -10.5914893793395 -9.65879464526744 -10.4395595567691 -13.5547105807102 -18.8321407061929 -15.9431030089029 -12.1924491797152 -11.270595210511 -12.7903162477245 -17.19934848074 -24.7483467131527 -21.2273394088895 -17.802714543553 -15.664905331483 -12.9237204435486 -10.3743777516188 -8.90662981029526 -8.53216180960785 -8.62818115239548 -7.97199757619198 -6.30664871955468 -4.72929280481792 -3.92776701608651 -4.06073901205136 -5.06446356691402 -6.64302939853547 -8.15140603612387 -9.08237613041883 -9.92958544329336 -11.6869228523602 -15.4193022837972 -23.2372172211893 -20.0538604870681 -14.1210507255645 -11.2279988131968 -9.63537871298461 -8.6249044636264 -7.81502574760102 -7.11619552776921 -6.58880455683129 -6.33935293281207 -6.4353944123904 -6.86912165752732 -7.57661665860422 -8.37863648373678 -8.98923653781514 -9.19320911305334 -9.0253306864119 -8.76105205174393 -8.58765652881952 -8.57152296805778 -8.83376646544966 -9.54395484571654 -11.055335114951 -14.1791248565776 -21.5384196296771 -20.8398952580675 -12.217881191263 -7.92501375504106 -5.42349286717765 -4.03617474498479 -3.47445841289165 -3.63125311860049 -4.47124314833075 -6.08340233027695 -8.64006691759862 -12.3097162116325 -14.1382818367036 -10.2798826460052 -6.35957285017615 -3.51121616295642 -1.5962566163264 -0.406105498735087 0.108025434444178 -0.085154241619767 -1.10597538422536 -3.17457575529767 -6.27591240752785 -6.79147495162375 -2.5336959254969 1.35997751322487 4.17751681534901 6.19109161582486 7.59105320470757 8.48136163285058 8.90125812023831 8.84347591352486 8.24581781916115 6.95711127383402 4.64606482108015 0.511846043433842 -5.3288146402235 0.33476047365613 5.96551636588867 9.55018722860281 12.0301112523124 13.805757979003 15.0667847050122 15.9144965899292 16.4075042854363 16.5846483047378 16.4827563433448 16.1567122141331 15.714478952681 15.3547350324273 15.3542090060689 15.8950144807508 16.8905189804359 18.0814251480774 19.2409765641331 20.2459200437577 21.0432310558457 21.6152732177992 21.9589454592823 22.0727252801117]

Phi (deg):
[90 90 90 90 90 90 90 90 90 90 90 90 90 90 90 90 90 90 90 90 90 90 90 90 90 90 90 90 90 90 90 90 90 90 90 90 90 90 90 90 90 90 90 90 90 90 90 90 90 90 90 90 90 90 90 90 90 90 90 90 90 90 90 90 90 90 90 90 90 90 90 90 90 90 90 90 90 90 90 90 90 90 90 90 90 90 90 90 90 90 90 90 90 90 90 90 90 90 90 90 90 90 90 90 90 90 90 90 90 90 90 90 90 90 90 90 90 90 90 90 90 90 90 90 90 90 90 90 90 90 90 90 90 90 90 90 90 90 90 90 90 90 90 90 90 90 90 90 90 90 90 90 90 90 90 90 90 90 90 90 90 90 90 90 90 90 90 90 90 90 90 90 90 90 90 90 90 90 90 90 90 90 90 90 90 90 90 90 90 90 90 90 90 90 90 90 90 90 90 90 90 90 90 90 90 90 90 90 90 90 90 90 90 90 90 90 90 90 90 90 90 90 90 90 90 90 90 90 90 90 90 90 90 90 90 90 90 90 90 90 90 90 90 90 90 90 90 90 90 90 90 90 90 90 90 90 90 90 90 90 90 90 90 90 90 90 90 90 90 90 90 90 90 90 90 90 90 90 90 90 90 90 90 90 90 90 90 90 90 90 90 90 90 90 90 90 90 90 90 90 90 90 90 90 90 90 90 90 90 90 90 90 90 90 90 90 90 90 90 90 90 90 90 90 90 90 90 90 90 90 90 90 90 90 90 90 90 90 90 90 90 90 90 90 90 90 90 90 90 90 90 90 90 90 90 90 90 90 90 90 90]

RCS Phi (dBsm):
[-100 -100 -100 -100 -100 -100 -100 -100 -100 -100 -100 -100 -100 -100 -100 -100 -100 -100 -100 -100 -100 -100 -100 -100 -100 -100 -100 -100 -100 -100 -100 -100 -100 -100 -100 -100 -100 -100 -100 -100 -100 -100 -100 -100 -100 -100 -100 -100 -100 -100 -100 -100 -100 -100 -100 -100 -100 -100 -100 -100 -100 -100 -100 -100 -100 -100 -100 -100 -100 -100 -100 -100 -100 -100 -100 -100 -100 -100 -100 -100 -100 -100 -100 -100 -100 -100 -100 -100 -100 -100 -100 -100 -100 -100 -100 -100 -100 -100 -100 -100 -100 -100 -100 -100 -100 -100 -100 -100 -100 -100 -100 -100 -100 -100 -100 -100 -100 -100 -100 -100 -100 -100 -100 -100 -100 -100 -100 -100 -100 -100 -100 -100 -100 -100 -100 -100 -100 -100 -100 -100 -100 -99.9999999999999 -99.9999999999999 -100 -100 -100 -99.9999999999999 -99.9999999999999 -100 -100 -100 -100 -100 -100 -100 -100 -100 -100 -100 -100 -100 -100 -100 -100 -100 -100 -100 -99.9999999999997 -99.9999999999999 -99.9999999999999 -100 -100 -100 -100 -100 -100 -100 -100 -100 -100 -100 -99.9999999999202 -99.9999999999851 -99.9999999999858 -99.9999999999861 -99.9999999999864 -99.999999999986 -99.9999999999881 -99.9999999999887 -99.9999999999896 -99.9999999999917 -99.9999999999917 -99.9999999999922 -99.9999999999934 -99.9999999999938 -99.9999999999942 -99.9999999999939 -99.999999999994 -99.9999999999939 -99.9999999999934 -99.9999999999934 -99.9999999999939 -99.9999999999934 -99.9999999999932 -99.9999999999934 -99.9999999999942 -99.9999999999948 -99.9999999999952 -99.9999999999959 -99.9999999999972 -99.9999999999983 -99.9999999999989 -99.9999999999994 -99.9999999999995 -99.9999999999997 -99.9999999999992 -99.9999999999982 -99.999999999997 -99.999999999995 -99.9999999999939 -99.9999999999923 -99.9999999999903 -99.9999999999891 -99.9999999999896 -99.9999999999893 -99.9999999999905 -99.999999999992 -99.9999999999936 -99.9999999999958 -99.9999999999976 -99.9999999999987 -99.9999999999991 -99.9999999999984 -99.9999999999967 -99.9999999999936 -99.9999999999892 -99.9999999999849 -99.9999999999773 -99.9999999999732 -99.9999999999678 -99.9999999999623 -99.9999999999582 -99.9999999999558 -99.9999999999567 -99.9999999999578 -99.9999999999593 -99.9999999999628 -99.9999999999657 -99.9999999999691 -99.9999999999724 -99.9999999999752 -99.9999999999782 -99.9999999999821 -99.9999999999845 -99.999999999988 -99.9999999999918 -99.9999999999953 -99.9999999999981 -99.9999999999997 -99.9999999999991 -99.9999999999958 -99.999999999989 -99.9999999999785 -99.9999999999653 -99.9999999999484 -99.999999999931 -99.9999999999123 -99.9999999998984 -99.9999999998893 -99.9999999998855 -99.9999999998893 -99.9999999999 -99.9999999999161 -99.999999999936 -99.9999999999575 -99.9999999999755 -99.9999999999894 -99.9999999999979 -99.9999999999998 -99.9999999999952 -99.9999999999852 -99.9999999999742 -99.9999999999611 -99.9999999999509 -99.9999999999448 -99.9999999999428 -99.9999999999446 -99.9999999999518 -99.9999999999615 -99.9999999999702 -99.9999999999764 -99.9999999999801 -99.9999999999812 -99.9999999999806 -99.9999999999782 -99.9999999999783 -99.999999999979 -99.9999999999816 -99.9999999999864 -99.9999999999928 -99.9999999999977 -99.9999999999999 -99.9999999999982 -99.999999999993 -99.9999999999853 -99.9999999999747 -99.9999999999669 -99.9999999999642 -99.9999999999637 -99.9999999999697 -99.9999999999784 -99.9999999999893 -99.9999999999951 -99.999999999997 -99.9999999999931 -99.9999999999821 -99.9999999999677 -99.9999999999551 -99.9999999999446 -99.9999999999432 -99.999999999951 -99.9999999999645 -99.9999999999815 -99.9999999999919 -99.9999999999932 -99.9999999999795 -99.9999999999496 -99.9999999999078 -99.9999999998602 -99.9999999998178 -99.999999999788 -99.9999999997794 -99.9999999997956 -99.999999999834 -99.9999999998852 -99.9999999999376 -99.9999999999776 -99.9999999999943 -99.9999999999818 -99.9999999999406 -99.9999999998781 -99.9999999998068 -99.9999999997403 -99.9999999996916 -99.9999999996692 -99.9999999996752 -99.9999999997054 -99.9999999997521 -99.9999999998038 -99.9999999998508 -99.9999999998859 -99.9999999999072 -99.9999999999169 -99.99999999992 -99.9999999999228 -99.9999999999302 -99.9999999999438 -99.9999999999621 -99.9999999999808 -99.9999999999948 -100]
